% Time (s)	Gyro Output (rads/s)	Input Rate (RPM)	%2/10/20262:33 PM
0.000	0.000	0.000
7819.080	0.000	0.000
7819.090	0.000	0.000
7819.100	0.000	0.000
7819.110	0.000	0.000
7819.120	0.000	0.000
7819.130	0.000	0.000
7819.140	0.000	0.000
7819.150	0.000	0.000
7819.160	0.000	0.000
7819.170	0.000	0.000
7819.180	0.000	0.000
7819.190	0.000	0.000
7819.200	0.000	0.000
7819.210	0.000	0.000
7819.220	0.000	0.000
7819.230	0.000	0.000
7819.240	0.000	0.000
7819.250	0.000	0.000
7819.260	0.000	0.000
7819.270	0.000	0.000
7819.280	0.000	0.000
7819.290	0.000	0.000
7819.300	0.000	0.000
7819.310	0.000	0.000
7819.320	0.000	0.000
7819.330	0.000	0.000
7819.340	0.000	0.000
7819.350	0.000	0.000
7819.360	0.000	0.000
7819.370	0.000	0.000
7819.380	0.000	0.000
7819.390	0.000	0.000
7819.400	0.000	0.000
7819.410	0.000	0.000
7819.420	0.000	0.000
7819.430	0.000	0.000
7819.440	0.000	0.000
7819.450	0.000	0.000
7819.460	0.000	0.000
7819.470	0.000	0.000
7819.480	0.000	0.000
7819.490	0.000	0.000
7819.500	0.000	0.000
7819.510	0.000	0.000
7819.520	0.000	0.000
7819.530	0.000	0.000
7819.540	0.000	0.000
7819.550	0.000	0.000
7819.560	0.000	0.000
7819.570	0.000	0.000
7819.580	0.000	0.000
7819.590	0.000	0.000
7819.600	0.000	0.000
7819.610	0.000	0.000
7819.620	0.000	0.000
7819.630	0.000	0.000
7819.640	0.000	0.000
7819.650	0.000	0.000
7819.660	0.000	0.000
7819.670	0.000	0.000
7819.680	0.000	0.000
7819.690	0.000	0.000
7819.700	0.000	0.000
7819.710	0.000	0.000
7819.720	0.000	0.000
7819.730	0.000	0.000
7819.740	0.000	0.000
7819.750	0.000	0.000
7819.760	0.000	0.000
7819.770	0.000	0.000
7819.780	0.000	0.000
7819.790	0.000	0.000
7819.800	0.000	0.000
7819.810	0.000	0.000
7819.820	0.000	0.000
7819.830	0.000	0.000
7819.840	0.000	0.000
7819.850	0.000	0.000
7819.860	0.000	0.000
7819.870	0.000	0.000
7819.880	0.000	0.000
7819.890	0.000	0.000
7819.900	0.000	0.000
7819.910	0.000	0.000
7819.920	0.000	0.000
7819.930	0.000	0.000
7819.940	0.000	0.000
7819.950	0.000	0.000
7819.960	0.000	0.000
7819.970	0.000	0.000
7819.980	0.000	0.000
7819.990	0.000	0.000
7820.000	0.000	0.000
7820.010	0.000	0.000
7820.020	0.000	0.000
7820.030	0.000	0.000
7820.040	0.000	0.000
7820.050	0.000	0.000
7820.060	0.000	0.000
7820.070	0.000	0.000
7820.080	0.000	0.000
7820.090	0.000	0.000
7820.100	0.000	0.000
7820.110	0.000	0.000
7820.120	0.000	0.000
7820.130	0.000	0.000
7820.140	0.000	0.000
7820.150	0.000	0.000
7820.160	0.000	0.000
7820.170	0.000	0.000
7820.180	0.000	0.000
7820.190	0.000	0.000
7820.200	0.000	0.000
7820.210	0.000	0.000
7820.220	0.000	0.000
7820.230	0.000	0.000
7820.240	0.000	0.000
7820.250	0.000	0.000
7820.260	0.000	0.000
7820.270	0.000	0.000
7820.280	0.000	0.000
7820.290	0.000	0.000
7820.300	0.000	0.000
7820.310	0.000	0.000
7820.320	0.000	0.000
7820.330	0.000	0.000
7820.340	0.000	0.000
7820.350	0.000	0.000
7820.360	0.000	0.000
7820.370	0.000	0.000
7820.380	0.000	0.000
7820.390	0.000	0.000
7820.400	0.000	0.000
7820.410	0.000	0.000
7820.420	0.000	0.000
7820.430	0.000	0.000
7820.440	0.000	0.000
7820.450	0.000	0.000
7820.460	0.000	0.000
7820.470	0.000	0.000
7820.480	0.000	0.000
7820.490	0.000	0.000
7820.500	0.000	0.000
7820.510	0.000	0.000
7820.520	0.000	0.000
7820.530	0.000	0.000
7820.540	0.000	0.000
7820.550	0.000	0.000
7820.560	0.000	0.000
7820.570	0.000	0.000
7820.580	0.000	0.000
7820.590	0.000	0.000
7820.600	0.000	0.000
7820.610	0.000	0.000
7820.620	0.000	0.000
7820.630	0.000	0.000
7820.640	0.000	0.000
7820.650	0.000	0.000
7820.660	0.000	0.000
7820.670	0.000	0.000
7820.680	0.000	0.000
7820.690	0.000	0.000
7820.700	0.000	0.000
7820.710	0.000	0.000
7820.720	0.000	0.000
7820.730	0.000	0.000
7820.740	0.000	0.000
7820.750	0.000	0.000
7820.760	0.000	0.000
7820.770	0.000	0.000
7820.780	0.000	0.000
7820.790	0.000	0.000
7820.800	0.000	0.000
7820.810	0.000	0.000
7820.820	0.000	0.000
7820.830	0.000	0.000
7820.840	0.000	0.000
7820.850	0.000	0.000
7820.860	0.000	0.000
7820.870	0.000	0.000
7820.880	0.000	0.000
7820.890	0.000	0.000
7820.900	0.000	0.000
7820.910	0.000	0.000
7820.920	0.000	0.000
7820.930	0.000	0.000
7820.940	0.000	0.000
7820.950	0.000	0.000
7820.960	0.000	0.000
7820.970	0.000	0.000
7820.980	0.000	0.000
7820.990	0.000	0.000
7821.000	0.000	0.000
7821.010	0.000	0.000
7821.020	0.000	0.000
7821.030	0.000	0.000
7821.040	0.000	0.000
7821.050	0.000	0.000
7821.060	0.000	0.000
7821.070	0.000	0.000
7821.080	0.000	0.000
7821.090	0.000	0.000
7821.100	0.000	0.000
7821.110	0.000	0.000
7821.120	0.000	0.000
7821.130	0.000	0.000
7821.140	0.000	0.000
7821.150	0.000	0.000
7821.160	0.000	0.000
7821.170	0.000	0.000
7821.180	0.000	0.000
7821.190	0.000	0.000
7821.200	0.000	0.000
7821.210	0.000	0.000
7821.220	0.000	0.000
7821.230	0.000	0.000
7821.240	0.000	0.000
7821.250	0.000	0.000
7821.260	0.000	0.000
7821.270	0.000	0.000
7821.280	0.000	0.000
7821.290	0.000	0.000
7821.300	0.000	0.000
7821.310	0.000	0.000
7821.320	0.000	0.000
7821.330	0.000	0.000
7821.340	0.000	0.000
7821.350	0.000	0.000
7821.360	0.000	0.000
7821.370	0.000	0.000
7821.380	0.000	0.000
7821.390	0.000	0.000
7821.400	0.000	0.000
7821.410	0.000	0.000
7821.420	0.000	0.000
7821.430	0.000	0.000
7821.440	0.000	0.000
7821.450	0.010	0.000
7821.460	0.010	0.000
7821.470	0.010	0.000
7821.480	0.000	0.000
7821.490	0.000	0.000
7821.500	0.000	0.000
7821.510	0.000	0.000
7821.520	0.000	0.000
7821.530	0.000	0.000
7821.540	0.000	0.000
7821.550	0.000	0.000
7821.560	0.000	0.000
7821.570	0.000	0.000
7821.580	0.000	0.000
7821.590	0.000	0.000
7821.600	0.000	0.000
7821.610	0.000	0.000
7821.620	0.000	0.000
7821.630	0.000	0.000
7821.640	0.000	0.000
7821.650	0.000	0.000
7821.660	0.000	0.000
7821.670	0.000	0.000
7821.680	0.000	0.000
7821.690	0.000	0.000
7821.700	0.000	0.000
7821.710	0.000	0.000
7821.720	0.000	0.000
7821.730	0.000	0.000
7821.740	0.000	0.000
7821.750	0.000	0.000
7821.760	0.000	0.000
7821.770	0.000	0.000
7821.780	0.000	0.000
7821.790	0.000	0.000
7821.800	0.000	0.000
7821.810	0.000	0.000
7821.820	0.000	0.000
7821.830	0.000	0.000
7821.840	0.000	0.000
7821.850	0.000	0.000
7821.860	0.000	0.000
7821.870	0.000	0.000
7821.880	0.000	0.000
7821.890	0.000	0.000
7821.900	0.000	0.000
7821.910	0.000	0.000
7821.920	0.000	0.000
7821.930	0.000	0.000
7821.940	0.000	0.000
7821.950	0.000	0.000
7821.960	0.000	0.000
7821.970	0.000	0.000
7821.980	0.000	0.000
7821.990	0.000	0.000
7822.000	0.000	0.000
7822.010	0.000	0.000
7822.020	0.020	-0.073
7822.030	0.020	-0.146
7822.040	0.020	-0.293
7822.050	0.070	-0.439
7822.060	0.070	-0.659
7822.070	0.070	-0.806
7822.080	0.110	-0.952
7822.090	0.110	-1.099
7822.100	0.110	-1.245
7822.110	0.120	-1.318
7822.120	0.120	-1.392
7822.130	0.120	-1.392
7822.140	0.110	-1.392
7822.150	0.110	-1.318
7822.160	0.110	-1.245
7822.170	0.110	-1.172
7822.180	0.110	-1.099
7822.190	0.110	-1.099
7822.200	0.090	-1.025
7822.210	0.090	-1.099
7822.220	0.090	-1.025
7822.230	0.090	-1.025
7822.240	0.090	-1.025
7822.250	0.090	-1.025
7822.260	0.070	-1.025
7822.270	0.070	-1.025
7822.280	0.070	-1.025
7822.290	0.050	-0.879
7822.300	0.050	-0.806
7822.310	0.050	-0.659
7822.320	0.010	-0.513
7822.330	0.010	-0.293
7822.340	0.010	0.000
7822.350	-0.080	0.293
7822.360	-0.080	0.586
7822.370	-0.080	1.099
7822.380	-0.130	1.099
7822.390	-0.130	1.245
7822.400	-0.130	1.611
7822.410	-0.170	1.611
7822.420	-0.170	1.685
7822.430	-0.170	1.904
7822.440	-0.190	1.904
7822.450	-0.190	2.051
7822.460	-0.190	2.197
7822.470	-0.200	2.197
7822.480	-0.200	2.197
7822.490	-0.200	2.344
7822.500	-0.230	2.344
7822.510	-0.230	2.417
7822.520	-0.230	2.637
7822.530	-0.290	2.930
7822.540	-0.290	3.149
7822.550	-0.290	3.223
7822.560	-0.360	3.369
7822.570	-0.360	3.589
7822.580	-0.360	4.028
7822.590	-0.430	4.321
7822.600	-0.430	4.541
7822.610	-0.430	4.687
7822.620	-0.490	4.907
7822.630	-0.490	5.127
7822.640	-0.490	5.347
7822.650	-0.550	5.493
7822.660	-0.550	5.933
7822.670	-0.550	6.006
7822.680	-0.580	5.859
7822.690	-0.580	5.859
7822.700	-0.580	6.299
7822.710	-0.580	6.519
7822.720	-0.580	6.445
7822.730	-0.580	6.152
7822.740	-0.540	6.006
7822.750	-0.540	6.006
7822.760	-0.540	5.493
7822.770	-0.490	5.493
7822.780	-0.490	5.493
7822.790	-0.490	5.200
7822.800	-0.440	5.200
7822.810	-0.440	4.907
7822.820	-0.440	4.761
7822.830	-0.400	4.761
7822.840	-0.400	4.614
7822.850	-0.400	4.468
7822.860	-0.370	4.468
7822.870	-0.370	4.321
7822.880	-0.370	3.809
7822.890	-0.350	3.809
7822.900	-0.350	3.955
7822.910	-0.350	4.028
7822.920	-0.360	4.028
7822.930	-0.360	3.955
7822.940	-0.360	3.809
7822.950	-0.380	3.955
7822.960	-0.380	4.175
7822.970	-0.380	4.248
7822.980	-0.400	4.321
7822.990	-0.400	4.321
7823.000	-0.400	4.175
7823.010	-0.430	4.395
7823.020	-0.430	4.541
7823.030	-0.430	4.614
7823.040	-0.450	4.761
7823.050	-0.450	4.834
7823.060	-0.450	4.834
7823.070	-0.450	4.834
7823.080	-0.450	4.834
7823.090	-0.450	4.834
7823.100	-0.430	4.980
7823.110	-0.430	4.834
7823.120	-0.430	4.761
7823.130	-0.400	4.761
7823.140	-0.400	4.614
7823.150	-0.400	4.541
7823.160	-0.390	4.541
7823.170	-0.390	4.468
7823.180	-0.390	4.395
7823.190	-0.380	4.395
7823.200	-0.380	4.102
7823.210	-0.380	4.102
7823.220	-0.380	4.248
7823.230	-0.380	4.248
7823.240	-0.380	4.321
7823.250	-0.400	4.248
7823.260	-0.400	4.248
7823.270	-0.400	4.468
7823.280	-0.410	4.614
7823.290	-0.410	4.541
7823.300	-0.410	4.614
7823.310	-0.420	4.541
7823.320	-0.420	4.541
7823.330	-0.420	4.614
7823.340	-0.420	4.541
7823.350	-0.420	4.468
7823.360	-0.420	4.321
7823.370	-0.380	4.321
7823.380	-0.380	4.248
7823.390	-0.380	4.248
7823.400	-0.350	4.175
7823.410	-0.350	3.955
7823.420	-0.350	3.809
7823.430	-0.360	3.882
7823.440	-0.360	4.028
7823.450	-0.360	4.102
7823.460	-0.400	4.175
7823.470	-0.400	4.102
7823.480	-0.400	4.395
7823.490	-0.440	4.614
7823.500	-0.440	4.687
7823.510	-0.440	4.907
7823.520	-0.490	5.127
7823.530	-0.490	5.273
7823.540	-0.490	5.347
7823.550	-0.550	5.493
7823.560	-0.550	5.786
7823.570	-0.550	5.933
7823.580	-0.570	5.713
7823.590	-0.570	5.713
7823.600	-0.570	6.079
7823.610	-0.540	6.226
7823.620	-0.540	6.006
7823.630	-0.540	5.640
7823.640	-0.450	5.493
7823.650	-0.450	5.273
7823.660	-0.450	4.834
7823.670	-0.270	4.321
7823.680	-0.270	3.955
7823.690	-0.270	3.442
7823.700	-0.060	2.637
7823.710	-0.060	1.831
7823.720	-0.060	1.025
7823.730	0.160	0.293
7823.740	0.160	-0.513
7823.750	0.160	-1.245
7823.760	0.330	-1.978
7823.770	0.330	-2.637
7823.780	0.330	-3.296
7823.790	0.420	-3.735
7823.800	0.420	-4.028
7823.810	0.420	-4.248
7823.820	0.460	-4.468
7823.830	0.460	-4.761
7823.840	0.460	-4.834
7823.850	0.480	-4.980
7823.860	0.480	-5.054
7823.870	0.480	-5.200
7823.880	0.470	-5.054
7823.890	0.470	-4.980
7823.900	0.470	-4.980
7823.910	0.450	-5.127
7823.920	0.450	-5.127
7823.930	0.450	-4.907
7823.940	0.430	-4.907
7823.950	0.430	-4.761
7823.960	0.430	-4.761
7823.970	0.410	-4.614
7823.980	0.410	-4.541
7823.990	0.410	-4.468
7824.000	0.380	-4.248
7824.010	0.380	-4.248
7824.020	0.380	-4.102
7824.030	0.370	-4.102
7824.040	0.370	-4.102
7824.050	0.370	-3.882
7824.060	0.370	-3.882
7824.070	0.370	-3.662
7824.080	0.370	-4.028
7824.090	0.360	-4.028
7824.100	0.360	-4.102
7824.110	0.360	-4.102
7824.120	0.380	-4.102
7824.130	0.380	-3.955
7824.140	0.380	-4.175
7824.150	0.400	-4.175
7824.160	0.400	-4.321
7824.170	0.400	-4.248
7824.180	0.410	-4.248
7824.190	0.410	-4.321
7824.200	0.410	-4.541
7824.210	0.420	-4.541
7824.220	0.420	-4.614
7824.230	0.420	-4.761
7824.240	0.450	-4.761
7824.250	0.450	-4.761
7824.260	0.450	-5.054
7824.270	0.480	-5.054
7824.280	0.480	-5.347
7824.290	0.480	-5.347
7824.300	0.540	-5.347
7824.310	0.540	-5.420
7824.320	0.540	-6.152
7824.330	0.580	-6.152
7824.340	0.580	-6.152
7824.350	0.580	-6.665
7824.360	0.600	-6.665
7824.370	0.600	-6.519
7824.380	0.600	-6.152
7824.390	0.590	-6.152
7824.400	0.590	-6.445
7824.410	0.590	-6.445
7824.420	0.570	-6.299
7824.430	0.570	-6.372
7824.440	0.570	-6.372
7824.450	0.530	-6.006
7824.460	0.530	-5.566
7824.470	0.530	-5.640
7824.480	0.490	-5.786
7824.490	0.490	-5.640
7824.500	0.490	-5.347
7824.510	0.460	-5.347
7824.520	0.460	-5.420
7824.530	0.460	-4.980
7824.540	0.450	-4.980
7824.550	0.450	-4.834
7824.560	0.450	-4.834
7824.570	0.440	-4.834
7824.580	0.440	-4.761
7824.590	0.440	-4.761
7824.600	0.440	-4.761
7824.610	0.440	-4.761
7824.620	0.440	-4.687
7824.630	0.440	-4.687
7824.640	0.440	-4.687
7824.650	0.440	-4.834
7824.660	0.450	-4.834
7824.670	0.450	-4.907
7824.680	0.450	-4.907
7824.690	0.460	-4.907
7824.700	0.460	-5.054
7824.710	0.460	-5.200
7824.720	0.490	-5.200
7824.730	0.490	-5.127
7824.740	0.490	-5.420
7824.750	0.510	-5.420
7824.760	0.510	-5.640
7824.770	0.510	-5.493
7824.780	0.510	-5.493
7824.790	0.510	-5.713
7824.800	0.510	-5.566
7824.810	0.520	-5.566
7824.820	0.520	-5.420
7824.830	0.520	-5.640
7824.840	0.500	-5.640
7824.850	0.500	-5.640
7824.860	0.500	-5.420
7824.870	0.480	-5.420
7824.880	0.480	-5.640
7824.890	0.480	-5.273
7824.900	0.490	-5.273
7824.910	0.490	-5.273
7824.920	0.490	-5.273
7824.930	0.510	-5.566
7824.940	0.510	-5.493
7824.950	0.510	-5.347
7824.960	0.540	-5.640
7824.970	0.540	-5.859
7824.980	0.540	-5.640
7824.990	0.560	-5.493
7825.000	0.560	-5.566
7825.010	0.560	-5.859
7825.020	0.520	-5.933
7825.030	0.520	-5.640
7825.040	0.520	-5.566
7825.050	0.480	-5.859
7825.060	0.480	-5.640
7825.070	0.480	-5.273
7825.080	0.470	-5.200
7825.090	0.470	-5.200
7825.100	0.470	-5.273
7825.110	0.470	-5.054
7825.120	0.470	-5.054
7825.130	0.470	-5.054
7825.140	0.470	-5.127
7825.150	0.470	-4.980
7825.160	0.470	-4.907
7825.170	0.450	-4.907
7825.180	0.450	-4.834
7825.190	0.450	-4.907
7825.200	0.430	-4.980
7825.210	0.430	-4.907
7825.220	0.430	-4.834
7825.230	0.450	-4.980
7825.240	0.450	-5.127
7825.250	0.450	-4.980
7825.260	0.460	-4.980
7825.270	0.460	-4.907
7825.280	0.460	-4.980
7825.290	0.450	-5.127
7825.300	0.450	-4.907
7825.310	0.450	-4.907
7825.320	0.440	-4.907
7825.330	0.440	-4.834
7825.340	0.440	-4.687
7825.350	0.410	-4.687
7825.360	0.410	-4.541
7825.370	0.410	-4.614
7825.380	0.410	-4.541
7825.390	0.410	-4.468
7825.400	0.410	-4.468
7825.410	0.390	-4.468
7825.420	0.390	-4.321
7825.430	0.390	-4.248
7825.440	0.380	-4.175
7825.450	0.380	-4.321
7825.460	0.380	-4.395
7825.470	0.390	-4.321
7825.480	0.390	-4.248
7825.490	0.390	-4.102
7825.500	0.400	-4.102
7825.510	0.400	-4.175
7825.520	0.400	-4.248
7825.530	0.410	-4.175
7825.540	0.410	-4.028
7825.550	0.410	-3.955
7825.560	0.380	-4.175
7825.570	0.380	-4.248
7825.580	0.380	-4.321
7825.590	0.370	-4.248
7825.600	0.370	-4.028
7825.610	0.370	-3.882
7825.620	0.390	-4.102
7825.630	0.390	-4.175
7825.640	0.390	-4.175
7825.650	0.380	-3.955
7825.660	0.380	-3.735
7825.670	0.380	-3.809
7825.680	0.330	-3.955
7825.690	0.330	-3.955
7825.700	0.330	-3.955
7825.710	0.290	-3.735
7825.720	0.290	-3.296
7825.730	0.290	-2.930
7825.740	0.180	-2.563
7825.750	0.180	-2.271
7825.760	0.180	-1.904
7825.770	0.000	-1.392
7825.780	0.000	-0.732
7825.790	0.000	-0.293
7825.800	-0.150	0.146
7825.810	-0.150	0.586
7825.820	-0.150	1.172
7825.830	-0.250	1.685
7825.840	-0.250	2.051
7825.850	-0.250	2.490
7825.860	-0.320	2.856
7825.870	-0.320	3.149
7825.880	-0.320	3.589
7825.890	-0.380	3.882
7825.900	-0.380	4.102
7825.910	-0.380	4.102
7825.920	-0.410	4.028
7825.930	-0.410	4.175
7825.940	-0.410	4.395
7825.950	-0.430	4.468
7825.960	-0.430	4.468
7825.970	-0.430	4.614
7825.980	-0.440	4.614
7825.990	-0.440	4.687
7826.000	-0.440	4.687
7826.010	-0.470	4.834
7826.020	-0.470	4.980
7826.030	-0.470	5.200
7826.040	-0.520	5.273
7826.050	-0.520	5.347
7826.060	-0.520	5.713
7826.070	-0.570	5.859
7826.080	-0.570	5.786
7826.090	-0.570	5.859
7826.100	-0.600	6.445
7826.110	-0.600	6.665
7826.120	-0.600	6.812
7826.130	-0.620	6.812
7826.140	-0.620	6.738
7826.150	-0.620	6.665
7826.160	-0.640	6.665
7826.170	-0.640	6.958
7826.180	-0.640	7.031
7826.190	-0.620	7.104
7826.200	-0.620	6.958
7826.210	-0.620	6.885
7826.220	-0.600	6.738
7826.230	-0.600	6.592
7826.240	-0.600	6.885
7826.250	-0.590	6.958
7826.260	-0.590	6.812
7826.270	-0.590	6.665
7826.280	-0.600	6.665
7826.290	-0.600	6.519
7826.300	-0.600	6.372
7826.310	-0.630	6.738
7826.320	-0.630	6.885
7826.330	-0.630	6.958
7826.340	-0.670	7.031
7826.350	-0.670	7.031
7826.360	-0.670	7.104
7826.370	-0.710	7.324
7826.380	-0.710	7.397
7826.390	-0.710	7.617
7826.400	-0.710	7.837
7826.410	-0.710	7.471
7826.420	-0.710	7.324
7826.430	-0.680	7.544
7826.440	-0.680	7.324
7826.450	-0.680	7.471
7826.460	-0.660	7.690
7826.470	-0.660	7.397
7826.480	-0.660	7.324
7826.490	-0.700	7.544
7826.500	-0.700	7.471
7826.510	-0.700	7.617
7826.520	-0.710	8.057
7826.530	-0.710	7.764
7826.540	-0.710	7.764
7826.550	-0.750	8.130
7826.560	-0.750	8.130
7826.570	-0.750	8.496
7826.580	-0.830	8.789
7826.590	-0.830	8.643
7826.600	-0.830	9.082
7826.610	-0.900	9.229
7826.620	-0.900	9.448
7826.630	-0.900	9.521
7826.640	-0.920	9.741
7826.650	-0.920	9.741
7826.660	-0.920	9.741
7826.670	-0.880	9.741
7826.680	-0.880	9.521
7826.690	-0.880	9.521
7826.700	-0.810	9.448
7826.710	-0.810	9.302
7826.720	-0.810	9.009
7826.730	-0.780	9.082
7826.740	-0.780	8.789
7826.750	-0.780	8.569
7826.760	-0.770	8.643
7826.770	-0.770	8.276
7826.780	-0.770	8.643
7826.790	-0.730	8.496
7826.800	-0.730	7.837
7826.810	-0.730	8.057
7826.820	-0.700	7.983
7826.830	-0.700	7.837
7826.840	-0.700	7.983
7826.850	-0.660	7.837
7826.860	-0.660	7.324
7826.870	-0.660	7.178
7826.880	-0.620	7.031
7826.890	-0.620	7.031
7826.900	-0.620	7.104
7826.910	-0.580	6.885
7826.920	-0.580	6.665
7826.930	-0.580	6.445
7826.940	-0.540	6.152
7826.950	-0.540	5.933
7826.960	-0.540	6.226
7826.970	-0.510	6.152
7826.980	-0.510	5.713
7826.990	-0.510	5.566
7827.000	-0.480	5.640
7827.010	-0.480	5.347
7827.020	-0.480	5.127
7827.030	-0.470	5.127
7827.040	-0.470	5.054
7827.050	-0.470	5.127
7827.060	-0.440	4.980
7827.070	-0.440	4.834
7827.080	-0.440	4.834
7827.090	-0.410	4.761
7827.100	-0.410	4.614
7827.110	-0.410	4.614
7827.120	-0.380	4.541
7827.130	-0.380	4.395
7827.140	-0.380	4.175
7827.150	-0.330	3.882
7827.160	-0.330	3.735
7827.170	-0.330	3.882
7827.180	-0.320	3.882
7827.190	-0.320	3.735
7827.200	-0.320	3.516
7827.210	-0.330	3.442
7827.220	-0.330	3.589
7827.230	-0.330	3.735
7827.240	-0.340	3.955
7827.250	-0.340	3.955
7827.260	-0.340	3.735
7827.270	-0.340	3.516
7827.280	-0.340	3.442
7827.290	-0.340	3.589
7827.300	-0.340	3.882
7827.310	-0.340	3.882
7827.320	-0.340	3.809
7827.330	-0.350	3.735
7827.340	-0.350	3.662
7827.350	-0.350	3.882
7827.360	-0.340	4.028
7827.370	-0.340	4.028
7827.380	-0.340	3.955
7827.390	-0.330	3.809
7827.400	-0.330	3.516
7827.410	-0.330	3.589
7827.420	-0.330	3.809
7827.430	-0.330	3.809
7827.440	-0.330	3.809
7827.450	-0.360	3.735
7827.460	-0.360	3.735
7827.470	-0.360	3.955
7827.480	-0.370	4.102
7827.490	-0.370	4.102
7827.500	-0.370	4.102
7827.510	-0.360	3.955
7827.520	-0.360	3.662
7827.530	-0.360	3.735
7827.540	-0.360	3.955
7827.550	-0.360	3.955
7827.560	-0.360	3.882
7827.570	-0.360	3.809
7827.580	-0.360	3.735
7827.590	-0.360	3.955
7827.600	-0.370	4.175
7827.610	-0.370	4.248
7827.620	-0.370	4.248
7827.630	-0.380	4.102
7827.640	-0.380	3.955
7827.650	-0.380	4.175
7827.660	-0.390	4.321
7827.670	-0.390	4.248
7827.680	-0.390	4.248
7827.690	-0.380	4.175
7827.700	-0.380	4.175
7827.710	-0.380	4.248
7827.720	-0.380	4.248
7827.730	-0.380	4.248
7827.740	-0.380	4.102
7827.750	-0.380	3.882
7827.760	-0.380	3.955
7827.770	-0.380	4.175
7827.780	-0.380	4.248
7827.790	-0.380	4.175
7827.800	-0.380	4.102
7827.810	-0.410	4.248
7827.820	-0.410	4.468
7827.830	-0.410	4.541
7827.840	-0.400	4.541
7827.850	-0.400	4.395
7827.860	-0.400	4.321
7827.870	-0.380	4.395
7827.880	-0.380	4.395
7827.890	-0.380	4.395
7827.900	-0.380	4.321
7827.910	-0.380	4.102
7827.920	-0.380	4.028
7827.930	-0.350	4.102
7827.940	-0.350	4.102
7827.950	-0.350	4.102
7827.960	-0.330	3.955
7827.970	-0.330	3.589
7827.980	-0.330	3.442
7827.990	-0.320	3.516
7828.000	-0.320	3.662
7828.010	-0.320	3.662
7828.020	-0.310	3.516
7828.030	-0.310	3.369
7828.040	-0.310	3.369
7828.050	-0.310	3.516
7828.060	-0.310	3.589
7828.070	-0.310	3.662
7828.080	-0.300	3.662
7828.090	-0.300	3.442
7828.100	-0.300	3.149
7828.110	-0.290	3.076
7828.120	-0.290	3.223
7828.130	-0.290	3.442
7828.140	-0.300	3.369
7828.150	-0.300	3.369
7828.160	-0.300	3.296
7828.170	-0.320	3.296
7828.180	-0.320	3.369
7828.190	-0.320	3.882
7828.200	-0.360	3.882
7828.210	-0.360	3.955
7828.220	-0.360	3.955
7828.230	-0.380	3.809
7828.240	-0.380	3.662
7828.250	-0.380	3.809
7828.260	-0.380	4.102
7828.270	-0.380	4.102
7828.280	-0.380	4.102
7828.290	-0.360	3.955
7828.300	-0.360	3.882
7828.310	-0.360	3.955
7828.320	-0.340	4.028
7828.330	-0.340	4.028
7828.340	-0.340	3.955
7828.350	-0.300	3.662
7828.360	-0.300	3.296
7828.370	-0.300	3.149
7828.380	-0.270	3.076
7828.390	-0.270	3.003
7828.400	-0.270	3.003
7828.410	-0.210	2.783
7828.420	-0.210	2.637
7828.430	-0.210	2.490
7828.440	-0.160	2.344
7828.450	-0.160	2.197
7828.460	-0.160	2.051
7828.470	-0.110	1.904
7828.480	-0.110	1.685
7828.490	-0.110	1.392
7828.500	-0.050	1.025
7828.510	-0.050	0.806
7828.520	-0.050	0.586
7828.530	0.000	0.439
7828.540	0.000	0.220
7828.550	0.000	0.073
7828.560	0.060	-0.073
7828.570	0.060	-0.293
7828.580	0.060	-0.513
7828.590	0.130	-0.732
7828.600	0.130	-1.025
7828.610	0.130	-1.392
7828.620	0.200	-1.758
7828.630	0.200	-2.051
7828.640	0.200	-2.271
7828.650	0.280	-2.490
7828.660	0.280	-2.710
7828.670	0.280	-2.930
7828.680	0.360	-3.369
7828.690	0.360	-3.589
7828.700	0.360	-3.735
7828.710	0.410	-3.809
7828.720	0.410	-4.102
7828.730	0.410	-4.468
7828.740	0.460	-4.614
7828.750	0.460	-4.687
7828.760	0.460	-4.834
7828.770	0.490	-5.054
7828.780	0.490	-5.054
7828.790	0.490	-5.054
7828.800	0.490	-5.200
7828.810	0.490	-5.420
7828.820	0.490	-5.493
7828.830	0.510	-5.273
7828.840	0.510	-5.273
7828.850	0.510	-5.493
7828.860	0.540	-5.786
7828.870	0.540	-5.786
7828.880	0.540	-5.786
7828.890	0.560	-6.299
7828.900	0.560	-6.299
7828.910	0.560	-6.079
7828.920	0.590	-5.933
7828.930	0.590	-6.299
7828.940	0.590	-6.445
7828.950	0.610	-6.519
7828.960	0.610	-6.665
7828.970	0.610	-6.738
7828.980	0.620	-6.738
7828.990	0.620	-6.372
7829.000	0.620	-6.665
7829.010	0.640	-6.958
7829.020	0.640	-7.104
7829.030	0.640	-7.251
7829.040	0.680	-7.324
7829.050	0.680	-7.251
7829.060	0.680	-7.324
7829.070	0.720	-7.397
7829.080	0.720	-7.544
7829.090	0.720	-7.983
7829.100	0.730	-7.764
7829.110	0.730	-7.690
7829.120	0.730	-8.057
7829.130	0.750	-7.910
7829.140	0.750	-8.276
7829.150	0.750	-8.569
7829.160	0.820	-8.276
7829.170	0.820	-8.569
7829.180	0.820	-8.716
7829.190	0.840	-8.716
7829.200	0.840	-9.082
7829.210	0.840	-9.082
7829.220	0.850	-9.155
7829.230	0.850	-9.229
7829.240	0.850	-9.375
7829.250	0.870	-9.375
7829.260	0.870	-9.448
7829.270	0.870	-9.521
7829.280	0.870	-9.521
7829.290	0.870	-9.595
7829.300	0.870	-9.448
7829.310	0.860	-9.521
7829.320	0.860	-9.448
7829.330	0.860	-9.521
7829.340	0.890	-9.595
7829.350	0.890	-9.448
7829.360	0.890	-9.521
7829.370	0.890	-9.521
7829.380	0.890	-9.521
7829.390	0.890	-9.595
7829.400	0.890	-9.595
7829.410	0.890	-9.741
7829.420	0.890	-9.741
7829.430	0.920	-9.814
7829.440	0.920	-9.741
7829.450	0.920	-9.741
7829.460	0.920	-10.034
7829.470	0.920	-9.888
7829.480	0.920	-10.107
7829.490	0.910	-10.034
7829.500	0.910	-9.888
7829.510	0.910	-10.181
7829.520	0.910	-10.034
7829.530	0.910	-10.254
7829.540	0.910	-9.888
7829.550	0.920	-10.034
7829.560	0.920	-9.961
7829.570	0.920	-9.814
7829.580	0.890	-9.961
7829.590	0.890	-9.595
7829.600	0.890	-9.595
7829.610	0.850	-9.521
7829.620	0.850	-9.375
7829.630	0.850	-9.302
7829.640	0.830	-9.229
7829.650	0.830	-9.009
7829.660	0.830	-8.936
7829.670	0.790	-8.936
7829.680	0.790	-8.496
7829.690	0.790	-8.789
7829.700	0.750	-8.716
7829.710	0.750	-8.203
7829.720	0.750	-8.276
7829.730	0.700	-7.837
7829.740	0.700	-7.837
7829.750	0.700	-8.130
7829.760	0.680	-7.837
7829.770	0.680	-7.544
7829.780	0.680	-7.471
7829.790	0.640	-7.178
7829.800	0.640	-7.031
7829.810	0.640	-7.178
7829.820	0.600	-7.104
7829.830	0.600	-6.885
7829.840	0.600	-6.665
7829.850	0.570	-6.299
7829.860	0.570	-6.372
7829.870	0.570	-6.372
7829.880	0.540	-6.226
7829.890	0.540	-6.152
7829.900	0.540	-6.226
7829.910	0.510	-6.006
7829.920	0.510	-5.566
7829.930	0.510	-5.420
7829.940	0.470	-5.420
7829.950	0.470	-5.347
7829.960	0.470	-4.980
7829.970	0.420	-4.907
7829.980	0.420	-4.687
7829.990	0.420	-4.468
7830.000	0.380	-4.395
7830.010	0.380	-4.321
7830.020	0.380	-4.248
7830.030	0.360	-4.248
7830.040	0.360	-4.028
7830.050	0.360	-3.955
7830.060	0.380	-4.175
7830.070	0.380	-4.248
7830.080	0.380	-4.468
7830.090	0.450	-4.468
7830.100	0.450	-4.687
7830.110	0.450	-5.054
7830.120	0.540	-5.054
7830.130	0.540	-5.200
7830.140	0.540	-5.859
7830.150	0.590	-5.859
7830.160	0.590	-5.786
7830.170	0.590	-6.372
7830.180	0.590	-6.372
7830.190	0.590	-6.299
7830.200	0.590	-6.152
7830.210	0.580	-6.152
7830.220	0.580	-6.372
7830.230	0.580	-6.372
7830.240	0.580	-6.372
7830.250	0.580	-6.592
7830.260	0.580	-6.592
7830.270	0.570	-6.299
7830.280	0.570	-6.006
7830.290	0.570	-6.226
7830.300	0.540	-6.299
7830.310	0.540	-6.079
7830.320	0.540	-5.933
7830.330	0.520	-6.152
7830.340	0.520	-5.933
7830.350	0.520	-5.493
7830.360	0.490	-5.347
7830.370	0.490	-5.420
7830.380	0.490	-5.493
7830.390	0.450	-5.200
7830.400	0.450	-5.054
7830.410	0.450	-4.980
7830.420	0.390	-4.907
7830.430	0.390	-4.614
7830.440	0.390	-4.614
7830.450	0.360	-4.468
7830.460	0.360	-4.395
7830.470	0.360	-4.175
7830.480	0.380	-3.955
7830.490	0.380	-4.028
7830.500	0.380	-4.028
7830.510	0.390	-4.102
7830.520	0.390	-3.882
7830.530	0.390	-3.809
7830.540	0.390	-3.882
7830.550	0.390	-4.102
7830.560	0.390	-4.175
7830.570	0.370	-4.175
7830.580	0.370	-4.102
7830.590	0.370	-3.882
7830.600	0.360	-3.882
7830.610	0.360	-3.882
7830.620	0.360	-4.028
7830.630	0.350	-3.882
7830.640	0.350	-3.735
7830.650	0.350	-3.589
7830.660	0.350	-3.809
7830.670	0.350	-4.102
7830.680	0.350	-4.175
7830.690	0.400	-4.248
7830.700	0.400	-4.102
7830.710	0.400	-4.102
7830.720	0.430	-4.248
7830.730	0.430	-4.468
7830.740	0.430	-4.468
7830.750	0.440	-4.541
7830.760	0.440	-4.468
7830.770	0.440	-4.541
7830.780	0.420	-4.614
7830.790	0.420	-4.541
7830.800	0.420	-4.541
7830.810	0.400	-4.541
7830.820	0.400	-4.395
7830.830	0.400	-4.395
7830.840	0.380	-4.395
7830.850	0.380	-4.321
7830.860	0.380	-4.175
7830.870	0.380	-4.102
7830.880	0.380	-4.321
7830.890	0.380	-4.395
7830.900	0.420	-4.541
7830.910	0.420	-4.468
7830.920	0.420	-4.468
7830.930	0.450	-4.614
7830.940	0.450	-4.687
7830.950	0.450	-4.834
7830.960	0.460	-4.980
7830.970	0.460	-5.127
7830.980	0.460	-5.054
7830.990	0.500	-5.127
7831.000	0.500	-5.054
7831.010	0.500	-5.347
7831.020	0.500	-5.566
7831.030	0.500	-5.420
7831.040	0.500	-5.420
7831.050	0.490	-5.566
7831.060	0.490	-5.713
7831.070	0.490	-5.420
7831.080	0.500	-5.273
7831.090	0.500	-5.347
7831.100	0.500	-5.566
7831.110	0.490	-5.493
7831.120	0.490	-5.127
7831.130	0.490	-5.127
7831.140	0.450	-5.127
7831.150	0.450	-5.127
7831.160	0.450	-4.907
7831.170	0.410	-4.834
7831.180	0.410	-4.761
7831.190	0.410	-4.687
7831.200	0.430	-4.687
7831.210	0.430	-4.614
7831.220	0.430	-4.687
7831.230	0.430	-4.687
7831.240	0.430	-4.687
7831.250	0.430	-4.687
7831.260	0.410	-4.687
7831.270	0.410	-4.614
7831.280	0.410	-4.541
7831.290	0.400	-4.468
7831.300	0.400	-4.395
7831.310	0.400	-4.395
7831.320	0.410	-4.395
7831.330	0.410	-4.321
7831.340	0.410	-4.321
7831.350	0.410	-4.175
7831.360	0.410	-4.321
7831.370	0.410	-4.395
7831.380	0.380	-4.395
7831.390	0.380	-4.248
7831.400	0.380	-3.882
7831.410	0.290	-3.589
7831.420	0.290	-3.296
7831.430	0.290	-3.076
7831.440	0.170	-2.637
7831.450	0.170	-2.124
7831.460	0.170	-1.538
7831.470	0.000	-1.025
7831.480	0.000	-0.586
7831.490	0.000	-0.146
7831.500	-0.190	0.293
7831.510	-0.190	0.806
7831.520	-0.190	1.318
7831.530	-0.350	2.124
7831.540	-0.350	2.637
7831.550	-0.350	3.003
7831.560	-0.400	3.369
7831.570	-0.400	3.662
7831.580	-0.400	4.028
7831.590	-0.400	4.248
7831.600	-0.400	4.395
7831.610	-0.400	4.468
7831.620	-0.440	4.614
7831.630	-0.440	4.687
7831.640	-0.440	4.907
7831.650	-0.540	5.127
7831.660	-0.540	5.713
7831.670	-0.540	6.079
7831.680	-0.690	6.226
7831.690	-0.690	6.812
7831.700	-0.690	7.178
7831.710	-0.790	7.690
7831.720	-0.790	8.203
7831.730	-0.790	8.130
7831.740	-0.810	8.276
7831.750	-0.810	8.789
7831.760	-0.810	8.716
7831.770	-0.850	9.155
7831.780	-0.850	9.229
7831.790	-0.850	9.448
7831.800	-0.920	9.668
7831.810	-0.920	10.034
7831.820	-0.920	9.961
7831.830	-1.020	10.620
7831.840	-1.020	10.913
7831.850	-1.020	11.133
7831.860	-1.080	11.206
7831.870	-1.080	11.353
7831.880	-1.080	11.792
7831.890	-1.100	11.865
7831.900	-1.100	11.719
7831.910	-1.100	11.938
7831.920	-1.130	12.305
7831.930	-1.130	12.305
7831.940	-1.130	12.305
7831.950	-1.170	12.305
7831.960	-1.170	12.598
7831.970	-1.170	12.378
7831.980	-1.190	12.378
7831.990	-1.190	12.524
7832.000	-1.190	12.671
7832.010	-1.190	12.671
7832.020	-1.190	12.891
7832.030	-1.190	13.184
7832.040	-1.190	13.184
7832.050	-1.190	12.744
7832.060	-1.190	13.330
7832.070	-1.190	13.330
7832.080	-1.190	13.257
7832.090	-1.190	13.037
7832.100	-1.200	13.037
7832.110	-1.200	13.477
7832.120	-1.200	13.037
7832.130	-1.230	13.403
7832.140	-1.230	13.477
7832.150	-1.230	13.550
7832.160	-1.250	13.623
7832.170	-1.250	13.330
7832.180	-1.250	13.623
7832.190	-1.270	13.477
7832.200	-1.270	13.696
7832.210	-1.270	13.843
7832.220	-1.290	13.916
7832.230	-1.290	13.916
7832.240	-1.290	13.916
7832.250	-1.280	13.916
7832.260	-1.280	13.843
7832.270	-1.280	13.916
7832.280	-1.220	13.989
7832.290	-1.220	13.623
7832.300	-1.220	13.696
7832.310	-1.180	13.477
7832.320	-1.180	13.330
7832.330	-1.180	12.964
7832.340	-1.160	12.964
7832.350	-1.160	13.110
7832.360	-1.160	12.598
7832.370	-1.150	12.817
7832.380	-1.150	12.451
7832.390	-1.150	12.891
7832.400	-1.140	12.305
7832.410	-1.140	12.378
7832.420	-1.140	12.524
7832.430	-1.130	12.671
7832.440	-1.130	12.231
7832.450	-1.130	12.451
7832.460	-1.150	12.817
7832.470	-1.150	12.451
7832.480	-1.150	12.817
7832.490	-1.200	12.744
7832.500	-1.200	13.257
7832.510	-1.200	12.817
7832.520	-1.220	13.184
7832.530	-1.220	13.037
7832.540	-1.220	13.257
7832.550	-1.180	12.964
7832.560	-1.180	12.891
7832.570	-1.180	13.184
7832.580	-1.140	12.671
7832.590	-1.140	12.598
7832.600	-1.140	12.231
7832.610	-1.090	12.451
7832.620	-1.090	11.792
7832.630	-1.090	11.353
7832.640	-0.940	11.353
7832.650	-0.940	10.986
7832.660	-0.940	10.767
7832.670	-0.850	10.107
7832.680	-0.850	9.961
7832.690	-0.850	9.814
7832.700	-0.800	9.521
7832.710	-0.800	9.229
7832.720	-0.800	9.082
7832.730	-0.790	9.009
7832.740	-0.790	8.789
7832.750	-0.790	8.789
7832.760	-0.790	8.569
7832.770	-0.790	8.862
7832.780	-0.790	8.716
7832.790	-0.800	8.569
7832.800	-0.800	8.789
7832.810	-0.800	8.643
7832.820	-0.820	8.936
7832.830	-0.820	8.936
7832.840	-0.820	8.716
7832.850	-0.820	9.009
7832.860	-0.820	8.862
7832.870	-0.820	8.716
7832.880	-0.770	8.862
7832.890	-0.770	8.496
7832.900	-0.770	8.057
7832.910	-0.690	8.203
7832.920	-0.690	7.471
7832.930	-0.690	7.178
7832.940	-0.570	7.178
7832.950	-0.570	6.519
7832.960	-0.570	5.420
7832.970	-0.370	5.420
7832.980	-0.370	4.614
7832.990	-0.370	3.296
7833.000	-0.060	3.296
7833.010	-0.060	2.051
7833.020	-0.060	-0.073
7833.030	0.230	-0.073
7833.040	0.230	-1.172
7833.050	0.230	-3.882
7833.060	0.600	-3.882
7833.070	0.600	-5.054
7833.080	0.600	-7.764
7833.090	0.990	-7.764
7833.100	0.990	-8.789
7833.110	0.990	-10.620
7833.120	1.190	-10.620
7833.130	1.190	-11.792
7833.140	1.190	-13.110
7833.150	1.340	-13.110
7833.160	1.340	-13.989
7833.170	1.340	-14.868
7833.180	1.460	-14.868
7833.190	1.460	-15.234
7833.200	1.460	-16.553
7833.210	1.570	-16.553
7833.220	1.570	-16.699
7833.230	1.570	-16.919
7833.240	1.680	-17.578
7833.250	1.680	-17.871
7833.260	1.680	-18.237
7833.270	1.770	-18.457
7833.280	1.770	-18.823
7833.290	1.770	-19.043
7833.300	1.820	-19.263
7833.310	1.820	-19.482
7833.320	1.820	-19.995
7833.330	1.890	-20.508
7833.340	1.890	-20.435
7833.350	1.890	-20.947
7833.360	1.960	-20.801
7833.370	1.960	-21.533
7833.380	1.960	-21.680
7833.390	2.060	-22.266
7833.400	2.060	-22.266
7833.410	2.060	-22.559
7833.420	2.150	-22.778
7833.430	2.150	-22.998
7833.440	2.150	-23.291
7833.450	2.190	-23.511
7833.460	2.190	-23.804
7833.470	2.190	-23.950
7833.480	2.210	-24.023
7833.490	2.210	-23.804
7833.500	2.210	-23.950
7833.510	2.150	-23.877
7833.520	2.150	-23.584
7833.530	2.150	-23.218
7833.540	2.060	-23.071
7833.550	2.060	-22.632
7833.560	2.060	-22.339
7833.570	1.970	-21.899
7833.580	1.970	-21.826
7833.590	1.970	-21.460
7833.600	1.900	-21.460
7833.610	1.900	-20.361
7833.620	1.900	-19.849
7833.630	1.730	-19.409
7833.640	1.730	-18.823
7833.650	1.730	-18.823
7833.660	1.510	-18.311
7833.670	1.510	-17.725
7833.680	1.510	-16.992
7833.690	1.410	-16.479
7833.700	1.410	-15.527
7833.710	1.410	-15.234
7833.720	1.270	-14.941
7833.730	1.270	-14.062
7833.740	1.270	-13.403
7833.750	1.040	-12.817
7833.760	1.040	-12.378
7833.770	1.040	-11.938
7833.780	0.920	-11.353
7833.790	0.920	-10.913
7833.800	0.920	-10.400
7833.810	0.850	-9.961
7833.820	0.850	-9.448
7833.830	0.850	-9.082
7833.840	0.700	-8.496
7833.850	0.700	-7.910
7833.860	0.700	-7.324
7833.870	0.490	-6.592
7833.880	0.490	-5.933
7833.890	0.490	-4.834
7833.900	0.210	-3.955
7833.910	0.210	-2.710
7833.920	0.210	-1.245
7833.930	-0.230	-0.146
7833.940	-0.230	0.952
7833.950	-0.230	2.637
7833.960	-0.710	4.028
7833.970	-0.710	5.713
7833.980	-0.710	6.812
7833.990	-1.020	8.350
7834.000	-1.020	9.375
7834.010	-1.020	10.327
7834.020	-1.150	11.206
7834.030	-1.150	12.085
7834.040	-1.150	13.110
7834.050	-1.350	13.550
7834.060	-1.350	14.209
7834.070	-1.350	14.575
7834.080	-1.520	15.527
7834.090	-1.520	15.967
7834.100	-1.520	16.333
7834.110	-1.690	17.065
7834.120	-1.690	17.505
7834.130	-1.690	18.164
7834.140	-1.780	18.530
7834.150	-1.780	18.823
7834.160	-1.780	19.409
7834.170	-1.840	19.409
7834.180	-1.840	19.849
7834.190	-1.840	19.922
7834.200	-1.900	20.581
7834.210	-1.900	20.581
7834.220	-1.900	21.167
7834.230	-1.980	21.167
7834.240	-1.980	21.387
7834.250	-1.980	21.753
7834.260	-2.050	21.753
7834.270	-2.050	22.266
7834.280	-2.050	22.339
7834.290	-2.070	22.339
7834.300	-2.070	22.192
7834.310	-2.070	21.899
7834.320	-1.990	21.899
7834.330	-1.990	21.826
7834.340	-1.990	21.460
7834.350	-1.900	21.460
7834.360	-1.900	21.313
7834.370	-1.900	20.874
7834.380	-1.860	20.874
7834.390	-1.860	20.361
7834.400	-1.860	20.288
7834.410	-1.870	20.288
7834.420	-1.870	20.728
7834.430	-1.870	20.874
7834.440	-1.920	20.874
7834.450	-1.920	20.874
7834.460	-1.920	21.094
7834.470	-1.950	21.167
7834.480	-1.950	21.167
7834.490	-1.950	21.240
7834.500	-1.980	21.240
7834.510	-1.980	21.460
7834.520	-1.980	21.167
7834.530	-1.930	21.167
7834.540	-1.930	21.021
7834.550	-1.930	20.215
7834.560	-1.760	20.215
7834.570	-1.760	19.556
7834.580	-1.760	18.604
7834.590	-1.570	18.604
7834.600	-1.570	17.944
7834.610	-1.570	16.626
7834.620	-1.380	16.626
7834.630	-1.380	15.820
7834.640	-1.380	14.282
7834.650	-1.180	14.282
7834.660	-1.180	13.550
7834.670	-1.180	13.330
7834.680	-1.030	12.378
7834.690	-1.030	11.938
7834.700	-1.030	11.646
7834.710	-0.920	10.986
7834.720	-0.920	10.620
7834.730	-0.920	9.888
7834.740	-0.750	9.521
7834.750	-0.750	8.936
7834.760	-0.750	8.569
7834.770	-0.610	7.764
7834.780	-0.610	7.397
7834.790	-0.610	6.592
7834.800	-0.430	6.006
7834.810	-0.430	5.347
7834.820	-0.430	4.541
7834.830	-0.210	4.028
7834.840	-0.210	3.442
7834.850	-0.210	2.563
7834.860	0.000	1.611
7834.870	0.000	0.806
7834.880	0.000	-0.073
7834.890	0.240	-0.952
7834.900	0.240	-1.831
7834.910	0.240	-3.076
7834.920	0.530	-3.882
7834.930	0.530	-4.687
7834.940	0.530	-5.786
7834.950	0.780	-6.738
7834.960	0.780	-7.910
7834.970	0.780	-8.643
7834.980	1.060	-9.741
7834.990	1.060	-10.913
7835.000	1.060	-11.719
7835.010	1.380	-12.451
7835.020	1.380	-13.696
7835.030	1.380	-14.575
7835.040	1.590	-15.527
7835.050	1.590	-16.333
7835.060	1.590	-16.919
7835.070	1.780	-18.018
7835.080	1.780	-18.604
7835.090	1.780	-19.263
7835.100	1.950	-19.995
7835.110	1.950	-20.581
7835.120	1.950	-20.728
7835.130	2.020	-21.606
7835.140	2.020	-21.533
7835.150	2.020	-22.046
7835.160	2.060	-22.046
7835.170	2.060	-22.266
7835.180	2.060	-22.266
7835.190	2.070	-22.485
7835.200	2.070	-22.559
7835.210	2.070	-22.778
7835.220	2.120	-22.852
7835.230	2.120	-22.778
7835.240	2.120	-22.998
7835.250	2.160	-23.364
7835.260	2.160	-23.364
7835.270	2.160	-23.364
7835.280	2.150	-23.364
7835.290	2.150	-23.291
7835.300	2.150	-23.364
7835.310	2.110	-23.291
7835.320	2.110	-23.218
7835.330	2.110	-23.218
7835.340	2.090	-23.218
7835.350	2.090	-22.778
7835.360	2.090	-22.998
7835.370	2.110	-22.998
7835.380	2.110	-22.998
7835.390	2.110	-22.778
7835.400	2.080	-22.778
7835.410	2.080	-22.559
7835.420	2.080	-22.705
7835.430	2.020	-22.412
7835.440	2.020	-22.412
7835.450	2.020	-22.119
7835.460	1.920	-22.046
7835.470	1.920	-21.167
7835.480	1.920	-20.947
7835.490	1.790	-20.654
7835.500	1.790	-20.068
7835.510	1.790	-19.409
7835.520	1.640	-18.896
7835.530	1.640	-18.164
7835.540	1.640	-17.285
7835.550	1.440	-16.992
7835.560	1.440	-15.967
7835.570	1.440	-15.820
7835.580	1.290	-15.601
7835.590	1.290	-14.648
7835.600	1.290	-14.502
7835.610	1.240	-14.062
7835.620	1.240	-13.696
7835.630	1.240	-13.257
7835.640	1.130	-13.257
7835.650	1.130	-12.524
7835.660	1.130	-12.598
7835.670	0.980	-11.938
7835.680	0.980	-11.206
7835.690	0.980	-11.133
7835.700	0.890	-10.547
7835.710	0.890	-10.474
7835.720	0.890	-9.741
7835.730	0.830	-9.595
7835.740	0.830	-9.229
7835.750	0.830	-8.936
7835.760	0.730	-8.350
7835.770	0.730	-8.423
7835.780	0.730	-7.910
7835.790	0.590	-7.324
7835.800	0.590	-6.738
7835.810	0.590	-5.859
7835.820	0.380	-5.420
7835.830	0.380	-4.761
7835.840	0.380	-3.809
7835.850	0.140	-3.149
7835.860	0.140	-2.271
7835.870	0.140	-1.245
7835.880	-0.090	-0.513
7835.890	-0.090	0.220
7835.900	-0.090	1.099
7835.910	-0.400	2.197
7835.920	-0.400	3.223
7835.930	-0.400	4.248
7835.940	-0.680	5.347
7835.950	-0.680	6.152
7835.960	-0.680	7.251
7835.970	-0.920	8.130
7835.980	-0.920	9.155
7835.990	-0.920	9.814
7836.000	-1.110	10.840
7836.010	-1.110	11.865
7836.020	-1.110	11.865
7836.030	-1.260	12.817
7836.040	-1.260	13.257
7836.050	-1.260	13.843
7836.060	-1.400	14.502
7836.070	-1.400	15.161
7836.080	-1.400	16.333
7836.090	-1.560	16.479
7836.100	-1.560	17.139
7836.110	-1.560	17.139
7836.120	-1.720	18.018
7836.130	-1.720	18.164
7836.140	-1.720	18.823
7836.150	-1.890	19.336
7836.160	-1.890	19.775
7836.170	-1.890	20.068
7836.180	-2.030	21.167
7836.190	-2.030	21.094
7836.200	-2.030	21.826
7836.210	-2.080	21.973
7836.220	-2.080	22.192
7836.230	-2.080	22.339
7836.240	-2.100	22.632
7836.250	-2.100	22.925
7836.260	-2.100	22.852
7836.270	-2.110	22.998
7836.280	-2.110	22.852
7836.290	-2.110	23.145
7836.300	-2.130	23.218
7836.310	-2.130	23.145
7836.320	-2.130	23.437
7836.330	-2.170	23.657
7836.340	-2.170	23.730
7836.350	-2.170	23.804
7836.360	-2.240	24.316
7836.370	-2.240	24.609
7836.380	-2.240	24.829
7836.390	-2.340	25.195
7836.400	-2.340	25.269
7836.410	-2.340	25.781
7836.420	-2.440	25.708
7836.430	-2.440	26.294
7836.440	-2.440	26.294
7836.450	-2.450	26.733
7836.460	-2.450	26.367
7836.470	-2.450	26.514
7836.480	-2.400	26.440
7836.490	-2.400	26.074
7836.500	-2.400	25.928
7836.510	-2.280	25.562
7836.520	-2.280	25.342
7836.530	-2.280	24.463
7836.540	-2.080	24.023
7836.550	-2.080	23.291
7836.560	-2.080	21.680
7836.570	-1.820	21.680
7836.580	-1.820	20.874
7836.590	-1.820	19.336
7836.600	-1.590	19.336
7836.610	-1.590	18.530
7836.620	-1.590	16.992
7836.630	-1.440	16.992
7836.640	-1.440	16.260
7836.650	-1.440	15.234
7836.660	-1.240	15.161
7836.670	-1.240	14.282
7836.680	-1.240	13.770
7836.690	-1.070	12.964
7836.700	-1.070	12.524
7836.710	-1.070	12.012
7836.720	-0.940	11.426
7836.730	-0.940	10.986
7836.740	-0.940	10.181
7836.750	-0.830	10.181
7836.760	-0.830	9.595
7836.770	-0.830	9.009
7836.780	-0.740	9.009
7836.790	-0.740	8.862
7836.800	-0.740	8.130
7836.810	-0.710	8.130
7836.820	-0.710	8.057
7836.830	-0.710	7.764
7836.840	-0.660	7.764
7836.850	-0.660	7.471
7836.860	-0.660	6.885
7836.870	-0.550	6.519
7836.880	-0.550	5.859
7836.890	-0.550	5.493
7836.900	-0.370	5.200
7836.910	-0.370	4.687
7836.920	-0.370	4.175
7836.930	-0.230	3.735
7836.940	-0.230	3.149
7836.950	-0.230	2.490
7836.960	-0.080	2.124
7836.970	-0.080	1.685
7836.980	-0.080	1.245
7836.990	0.050	0.659
7837.000	0.050	0.000
7837.010	0.050	-0.732
7837.020	0.200	-1.318
7837.030	0.200	-1.758
7837.040	0.200	-2.197
7837.050	0.370	-2.783
7837.060	0.370	-3.516
7837.070	0.370	-4.028
7837.080	0.540	-4.614
7837.090	0.540	-5.347
7837.100	0.540	-5.640
7837.110	0.700	-6.152
7837.120	0.700	-6.885
7837.130	0.700	-7.544
7837.140	0.860	-8.496
7837.150	0.860	-8.716
7837.160	0.860	-9.155
7837.170	0.980	-9.595
7837.180	0.980	-10.254
7837.190	0.980	-10.181
7837.200	1.050	-10.913
7837.210	1.050	-11.206
7837.220	1.050	-11.646
7837.230	1.120	-11.792
7837.240	1.120	-11.792
7837.250	1.120	-12.451
7837.260	1.200	-12.671
7837.270	1.200	-13.037
7837.280	1.200	-13.110
7837.290	1.290	-13.770
7837.300	1.290	-13.696
7837.310	1.290	-13.989
7837.320	1.370	-14.355
7837.330	1.370	-14.648
7837.340	1.370	-14.941
7837.350	1.440	-15.234
7837.360	1.440	-15.381
7837.370	1.440	-15.601
7837.380	1.500	-15.894
7837.390	1.500	-16.040
7837.400	1.500	-16.699
7837.410	1.560	-16.699
7837.420	1.560	-16.699
7837.430	1.560	-17.285
7837.440	1.630	-17.432
7837.450	1.630	-17.432
7837.460	1.630	-17.651
7837.470	1.660	-17.871
7837.480	1.660	-18.091
7837.490	1.660	-17.944
7837.500	1.680	-17.871
7837.510	1.680	-18.237
7837.520	1.680	-18.237
7837.530	1.670	-18.311
7837.540	1.670	-18.091
7837.550	1.670	-18.237
7837.560	1.670	-18.457
7837.570	1.670	-18.384
7837.580	1.670	-18.457
7837.590	1.700	-18.530
7837.600	1.700	-18.530
7837.610	1.700	-18.750
7837.620	1.740	-18.896
7837.630	1.740	-18.896
7837.640	1.740	-19.189
7837.650	1.810	-19.556
7837.660	1.810	-19.336
7837.670	1.810	-19.629
7837.680	1.840	-19.702
7837.690	1.840	-20.288
7837.700	1.840	-20.288
7837.710	1.860	-20.215
7837.720	1.860	-20.215
7837.730	1.860	-19.922
7837.740	1.850	-20.215
7837.750	1.850	-19.922
7837.760	1.850	-20.142
7837.770	1.820	-20.215
7837.780	1.820	-19.849
7837.790	1.820	-19.702
7837.800	1.780	-19.409
7837.810	1.780	-19.263
7837.820	1.780	-19.189
7837.830	1.670	-18.970
7837.840	1.670	-18.530
7837.850	1.670	-18.311
7837.860	1.520	-17.505
7837.870	1.520	-16.919
7837.880	1.520	-16.772
7837.890	1.360	-15.967
7837.900	1.360	-15.527
7837.910	1.360	-14.868
7837.920	1.240	-14.429
7837.930	1.240	-13.696
7837.940	1.240	-13.257
7837.950	1.090	-12.451
7837.960	1.090	-12.524
7837.970	1.090	-11.792
7837.980	0.950	-11.060
7837.990	0.950	-10.913
7838.000	0.950	-10.327
7838.010	0.840	-10.327
7838.020	0.840	-9.595
7838.030	0.840	-9.448
7838.040	0.780	-9.155
7838.050	0.780	-8.862
7838.060	0.780	-8.350
7838.070	0.720	-8.496
7838.080	0.720	-8.203
7838.090	0.720	-7.617
7838.100	0.590	-7.251
7838.110	0.590	-6.445
7838.120	0.590	-6.079
7838.130	0.390	-5.566
7838.140	0.390	-4.614
7838.150	0.390	-3.809
7838.160	0.060	-2.710
7838.170	0.060	-1.318
7838.180	0.060	-0.293
7838.190	-0.310	0.586
7838.200	-0.310	1.978
7838.210	-0.310	3.223
7838.220	-0.660	4.541
7838.230	-0.660	5.713
7838.240	-0.660	6.592
7838.250	-0.910	7.837
7838.260	-0.910	8.423
7838.270	-0.910	9.302
7838.280	-1.020	9.741
7838.290	-1.020	10.547
7838.300	-1.020	10.693
7838.310	-1.040	11.133
7838.320	-1.040	11.060
7838.330	-1.040	11.499
7838.340	-1.090	11.865
7838.350	-1.090	11.865
7838.360	-1.090	12.085
7838.370	-1.210	12.451
7838.380	-1.210	13.110
7838.390	-1.210	13.037
7838.400	-1.380	13.843
7838.410	-1.380	14.282
7838.420	-1.380	14.941
7838.430	-1.520	15.381
7838.440	-1.520	15.747
7838.450	-1.520	16.333
7838.460	-1.620	17.139
7838.470	-1.620	16.992
7838.480	-1.620	17.358
7838.490	-1.650	17.944
7838.500	-1.650	17.871
7838.510	-1.650	17.871
7838.520	-1.660	18.091
7838.530	-1.660	18.091
7838.540	-1.660	18.311
7838.550	-1.660	17.944
7838.560	-1.660	17.871
7838.570	-1.660	18.091
7838.580	-1.660	18.237
7838.590	-1.660	18.164
7838.600	-1.660	17.871
7838.610	-1.650	18.164
7838.620	-1.650	18.237
7838.630	-1.650	18.237
7838.640	-1.670	18.457
7838.650	-1.670	18.311
7838.660	-1.670	18.530
7838.670	-1.730	18.677
7838.680	-1.730	18.677
7838.690	-1.730	18.823
7838.700	-1.770	18.970
7838.710	-1.770	18.970
7838.720	-1.770	19.043
7838.730	-1.780	19.263
7838.740	-1.780	19.116
7838.750	-1.780	19.336
7838.760	-1.720	19.116
7838.770	-1.720	18.896
7838.780	-1.720	18.750
7838.790	-1.640	18.604
7838.800	-1.640	18.237
7838.810	-1.640	18.018
7838.820	-1.550	17.944
7838.830	-1.550	17.139
7838.840	-1.550	17.065
7838.850	-1.520	17.139
7838.860	-1.520	16.626
7838.870	-1.520	16.699
7838.880	-1.490	16.479
7838.890	-1.490	16.113
7838.900	-1.490	16.333
7838.910	-1.420	16.113
7838.920	-1.420	15.381
7838.930	-1.420	15.674
7838.940	-1.320	15.308
7838.950	-1.320	14.648
7838.960	-1.320	14.722
7838.970	-1.230	14.209
7838.980	-1.230	13.843
7838.990	-1.230	13.330
7839.000	-1.130	13.184
7839.010	-1.130	12.598
7839.020	-1.130	12.744
7839.030	-1.030	11.938
7839.040	-1.030	11.646
7839.050	-1.030	11.499
7839.060	-0.920	10.840
7839.070	-0.920	10.547
7839.080	-0.920	9.814
7839.090	-0.790	9.521
7839.100	-0.790	9.082
7839.110	-0.790	8.716
7839.120	-0.640	7.983
7839.130	-0.640	7.690
7839.140	-0.640	7.104
7839.150	-0.500	6.592
7839.160	-0.500	6.006
7839.170	-0.500	5.347
7839.180	-0.340	4.907
7839.190	-0.340	4.468
7839.200	-0.340	3.662
7839.210	-0.190	3.076
7839.220	-0.190	2.563
7839.230	-0.190	1.392
7839.240	-0.040	1.392
7839.250	-0.040	0.806
7839.260	-0.040	0.366
7839.270	0.130	-0.146
7839.280	0.130	-0.513
7839.290	0.130	-1.025
7839.300	0.300	-1.758
7839.310	0.300	-2.417
7839.320	0.300	-2.930
7839.330	0.460	-3.516
7839.340	0.460	-4.395
7839.350	0.460	-4.907
7839.360	0.600	-5.273
7839.370	0.600	-5.859
7839.380	0.600	-6.519
7839.390	0.740	-7.031
7839.400	0.740	-7.617
7839.410	0.740	-7.764
7839.420	0.850	-8.423
7839.430	0.850	-8.862
7839.440	0.850	-9.302
7839.450	0.960	-9.595
7839.460	0.960	-10.034
7839.470	0.960	-10.474
7839.480	1.070	-11.133
7839.490	1.070	-11.279
7839.500	1.070	-11.646
7839.510	1.180	-12.231
7839.520	1.180	-12.524
7839.530	1.180	-12.891
7839.540	1.300	-13.037
7839.550	1.300	-13.770
7839.560	1.300	-14.575
7839.570	1.400	-14.575
7839.580	1.400	-14.868
7839.590	1.400	-15.747
7839.600	1.510	-15.747
7839.610	1.510	-16.040
7839.620	1.510	-16.553
7839.630	1.630	-17.212
7839.640	1.630	-17.358
7839.650	1.630	-17.578
7839.660	1.710	-17.944
7839.670	1.710	-18.311
7839.680	1.710	-18.604
7839.690	1.780	-18.970
7839.700	1.780	-19.336
7839.710	1.780	-19.556
7839.720	1.840	-19.775
7839.730	1.840	-19.556
7839.740	1.840	-19.922
7839.750	1.890	-20.288
7839.760	1.890	-20.435
7839.770	1.890	-20.654
7839.780	1.880	-20.361
7839.790	1.880	-20.508
7839.800	1.880	-20.068
7839.810	1.860	-20.361
7839.820	1.860	-20.215
7839.830	1.860	-20.435
7839.840	1.820	-20.581
7839.850	1.820	-20.215
7839.860	1.820	-20.508
7839.870	1.860	-20.142
7839.880	1.860	-20.361
7839.890	1.860	-20.581
7839.900	1.910	-20.581
7839.910	1.910	-20.581
7839.920	1.910	-20.581
7839.930	1.880	-20.581
7839.940	1.880	-20.288
7839.950	1.880	-20.215
7839.960	1.860	-20.215
7839.970	1.860	-20.508
7839.980	1.860	-20.801
7839.990	1.910	-20.801
7840.000	1.910	-20.801
7840.010	1.910	-20.508
7840.020	1.880	-20.508
7840.030	1.880	-19.995
7840.040	1.880	-19.849
7840.050	1.760	-19.849
7840.060	1.760	-19.629
7840.070	1.760	-18.823
7840.080	1.670	-18.823
7840.090	1.670	-18.457
7840.100	1.670	-17.725
7840.110	1.590	-17.725
7840.120	1.590	-17.358
7840.130	1.590	-17.432
7840.140	1.430	-16.626
7840.150	1.430	-16.187
7840.160	1.430	-15.747
7840.170	1.260	-15.308
7840.180	1.260	-14.722
7840.190	1.260	-13.623
7840.200	1.150	-13.623
7840.210	1.150	-13.330
7840.220	1.150	-12.744
7840.230	1.070	-12.305
7840.240	1.070	-11.646
7840.250	1.070	-11.060
7840.260	0.960	-10.547
7840.270	0.960	-10.547
7840.280	0.960	-9.595
7840.290	0.780	-9.595
7840.300	0.780	-8.569
7840.310	0.780	-7.983
7840.320	0.570	-7.983
7840.330	0.570	-7.031
7840.340	0.570	-6.372
7840.350	0.400	-5.420
7840.360	0.400	-4.907
7840.370	0.400	-4.248
7840.380	0.210	-3.442
7840.390	0.210	-2.930
7840.400	0.210	-2.344
7840.410	0.040	-1.538
7840.420	0.040	-0.952
7840.430	0.040	-0.513
7840.440	-0.120	0.000
7840.450	-0.120	0.439
7840.460	-0.120	0.879
7840.470	-0.290	1.611
7840.480	-0.290	2.344
7840.490	-0.290	3.003
7840.500	-0.490	3.662
7840.510	-0.490	4.541
7840.520	-0.490	5.054
7840.530	-0.680	5.713
7840.540	-0.680	6.665
7840.550	-0.680	7.397
7840.560	-0.880	8.423
7840.570	-0.880	8.789
7840.580	-0.880	9.595
7840.590	-1.060	10.181
7840.600	-1.060	10.913
7840.610	-1.060	11.353
7840.620	-1.250	12.231
7840.630	-1.250	13.110
7840.640	-1.250	13.403
7840.650	-1.380	14.062
7840.660	-1.380	14.429
7840.670	-1.380	15.234
7840.680	-1.520	15.601
7840.690	-1.520	16.040
7840.700	-1.520	16.553
7840.710	-1.620	17.065
7840.720	-1.620	17.139
7840.730	-1.620	17.505
7840.740	-1.700	17.871
7840.750	-1.700	18.311
7840.760	-1.700	18.530
7840.770	-1.790	18.750
7840.780	-1.790	19.043
7840.790	-1.790	19.336
7840.800	-1.870	19.702
7840.810	-1.870	19.702
7840.820	-1.870	20.435
7840.830	-1.950	20.581
7840.840	-1.950	20.947
7840.850	-1.950	20.874
7840.860	-1.960	21.094
7840.870	-1.960	21.240
7840.880	-1.960	21.094
7840.890	-1.890	21.240
7840.900	-1.890	20.581
7840.910	-1.890	20.801
7840.920	-1.820	20.508
7840.930	-1.820	20.361
7840.940	-1.820	20.215
7840.950	-1.800	19.995
7840.960	-1.800	19.922
7840.970	-1.800	19.629
7840.980	-1.800	19.849
7840.990	-1.800	19.702
7841.000	-1.800	20.068
7841.010	-1.820	20.142
7841.020	-1.820	19.775
7841.030	-1.820	19.775
7841.040	-1.820	19.629
7841.050	-1.820	19.922
7841.060	-1.820	19.922
7841.070	-1.820	20.142
7841.080	-1.820	19.995
7841.090	-1.820	19.702
7841.100	-1.820	19.922
7841.110	-1.820	19.556
7841.120	-1.820	19.849
7841.130	-1.760	19.702
7841.140	-1.760	19.189
7841.150	-1.760	18.970
7841.160	-1.630	18.677
7841.170	-1.630	18.018
7841.180	-1.630	17.578
7841.190	-1.470	17.578
7841.200	-1.470	16.406
7841.210	-1.470	16.187
7841.220	-1.310	15.674
7841.230	-1.310	14.868
7841.240	-1.310	14.722
7841.250	-1.150	14.062
7841.260	-1.150	13.477
7841.270	-1.150	13.037
7841.280	-1.060	12.378
7841.290	-1.060	12.012
7841.300	-1.060	12.012
7841.310	-0.980	11.572
7841.320	-0.980	10.913
7841.330	-0.980	11.206
7841.340	-0.970	10.913
7841.350	-0.970	10.840
7841.360	-0.970	10.547
7841.370	-0.980	10.693
7841.380	-0.980	10.913
7841.390	-0.980	10.767
7841.400	-0.980	10.767
7841.410	-0.980	10.400
7841.420	-0.980	10.327
7841.430	-0.930	10.327
7841.440	-0.930	10.474
7841.450	-0.930	10.034
7841.460	-0.880	9.961
7841.470	-0.880	9.961
7841.480	-0.880	9.595
7841.490	-0.820	9.521
7841.500	-0.820	9.229
7841.510	-0.820	9.082
7841.520	-0.770	8.789
7841.530	-0.770	8.789
7841.540	-0.770	8.350
7841.550	-0.720	8.496
7841.560	-0.720	8.350
7841.570	-0.720	7.837
7841.580	-0.700	7.837
7841.590	-0.700	7.690
7841.600	-0.700	7.617
7841.610	-0.670	7.764
7841.620	-0.670	7.544
7841.630	-0.670	7.104
7841.640	-0.610	6.885
7841.650	-0.610	6.665
7841.660	-0.610	6.738
7841.670	-0.530	6.665
7841.680	-0.530	6.226
7841.690	-0.530	5.786
7841.700	-0.440	5.566
7841.710	-0.440	5.200
7841.720	-0.440	4.687
7841.730	-0.320	4.468
7841.740	-0.320	4.175
7841.750	-0.320	3.662
7841.760	-0.220	3.076
7841.770	-0.220	2.710
7841.780	-0.220	2.490
7841.790	-0.160	2.197
7841.800	-0.160	1.904
7841.810	-0.160	1.538
7841.820	-0.120	1.465
7841.830	-0.120	1.392
7841.840	-0.120	1.392
7841.850	-0.080	1.392
7841.860	-0.080	1.318
7841.870	-0.080	1.318
7841.880	-0.070	1.245
7841.890	-0.070	1.245
7841.900	-0.070	1.245
7841.910	-0.100	1.318
7841.920	-0.100	1.245
7841.930	-0.100	1.245
7841.940	-0.110	1.172
7841.950	-0.110	1.099
7841.960	-0.110	1.099
7841.970	-0.090	1.025
7841.980	-0.090	1.025
7841.990	-0.090	0.952
7842.000	-0.060	0.806
7842.010	-0.060	0.732
7842.020	-0.060	0.659
7842.030	-0.030	0.513
7842.040	-0.030	0.439
7842.050	-0.030	0.366
7842.060	0.010	0.293
7842.070	0.010	0.146
7842.080	0.010	0.000
7842.090	0.050	-0.146
7842.100	0.050	-0.220
7842.110	0.050	-0.366
7842.120	0.080	-0.439
7842.130	0.080	-0.586
7842.140	0.080	-0.659
7842.150	0.090	-0.732
7842.160	0.090	-0.879
7842.170	0.090	-0.952
7842.180	0.110	-1.025
7842.190	0.110	-1.099
7842.200	0.110	-1.172
7842.210	0.120	-1.318
7842.220	0.120	-1.392
7842.230	0.120	-1.392
7842.240	0.110	-1.465
7842.250	0.110	-1.465
7842.260	0.110	-1.465
7842.270	0.100	-1.392
7842.280	0.100	-1.318
7842.290	0.100	-1.245
7842.300	0.080	-1.172
7842.310	0.080	-1.025
7842.320	0.080	-0.952
7842.330	0.080	-0.879
7842.340	0.080	-0.806
7842.350	0.080	-0.879
7842.360	0.120	-0.806
7842.370	0.120	-0.879
7842.380	0.120	-0.952
7842.390	0.150	-1.099
7842.400	0.150	-1.318
7842.410	0.150	-1.538
7842.420	0.200	-1.758
7842.430	0.200	-1.978
7842.440	0.200	-2.124
7842.450	0.250	-2.271
7842.460	0.250	-2.490
7842.470	0.250	-2.710
7842.480	0.290	-3.076
7842.490	0.290	-3.223
7842.500	0.290	-3.223
7842.510	0.290	-3.149
7842.520	0.290	-3.149
7842.530	0.290	-3.076
7842.540	0.290	-3.076
7842.550	0.290	-3.149
7842.560	0.290	-3.223
7842.570	0.280	-3.149
7842.580	0.280	-2.930
7842.590	0.280	-2.856
7842.600	0.260	-2.783
7842.610	0.260	-2.856
7842.620	0.260	-2.856
7842.630	0.260	-3.003
7842.640	0.260	-3.223
7842.650	0.260	-3.149
7842.660	0.250	-3.003
7842.670	0.250	-2.930
7842.680	0.250	-2.856
7842.690	0.270	-2.856
7842.700	0.270	-2.856
7842.710	0.270	-2.930
7842.720	0.300	-3.003
7842.730	0.300	-3.003
7842.740	0.300	-2.856
7842.750	0.300	-2.856
7842.760	0.300	-2.856
7842.770	0.300	-2.930
7842.780	0.280	-3.076
7842.790	0.280	-3.223
7842.800	0.280	-3.369
7842.810	0.280	-3.296
7842.820	0.280	-3.223
7842.830	0.280	-3.076
7842.840	0.280	-2.930
7842.850	0.280	-2.856
7842.860	0.280	-2.930
7842.870	0.250	-2.930
7842.880	0.250	-2.930
7842.890	0.250	-2.710
7842.900	0.240	-2.637
7842.910	0.240	-2.563
7842.920	0.240	-2.563
7842.930	0.230	-2.563
7842.940	0.230	-2.710
7842.950	0.230	-2.856
7842.960	0.250	-3.003
7842.970	0.250	-3.076
7842.980	0.250	-3.003
7842.990	0.290	-3.003
7843.000	0.290	-3.003
7843.010	0.290	-3.149
7843.020	0.350	-3.369
7843.030	0.350	-3.662
7843.040	0.350	-3.809
7843.050	0.420	-3.955
7843.060	0.420	-4.028
7843.070	0.420	-4.468
7843.080	0.490	-4.761
7843.090	0.490	-4.907
7843.100	0.490	-5.127
7843.110	0.520	-5.420
7843.120	0.520	-5.493
7843.130	0.520	-5.493
7843.140	0.520	-5.640
7843.150	0.520	-5.933
7843.160	0.520	-5.933
7843.170	0.510	-5.566
7843.180	0.510	-5.420
7843.190	0.510	-5.640
7843.200	0.520	-5.786
7843.210	0.520	-5.566
7843.220	0.520	-5.566
7843.230	0.520	-5.713
7843.240	0.520	-5.786
7843.250	0.520	-5.420
7843.260	0.500	-5.273
7843.270	0.500	-5.273
7843.280	0.500	-5.493
7843.290	0.470	-5.420
7843.300	0.470	-5.200
7843.310	0.470	-5.127
7843.320	0.430	-5.054
7843.330	0.430	-4.980
7843.340	0.430	-4.761
7843.350	0.410	-4.687
7843.360	0.410	-4.614
7843.370	0.410	-4.248
7843.380	0.390	-4.248
7843.390	0.390	-4.248
7843.400	0.390	-4.248
7843.410	0.390	-4.321
7843.420	0.390	-4.175
7843.430	0.390	-4.175
7843.440	0.420	-4.395
7843.450	0.420	-4.468
7843.460	0.420	-4.541
7843.470	0.450	-4.687
7843.480	0.450	-4.761
7843.490	0.450	-4.834
7843.500	0.460	-4.980
7843.510	0.460	-4.980
7843.520	0.460	-5.200
7843.530	0.470	-5.347
7843.540	0.470	-5.127
7843.550	0.470	-5.127
7843.560	0.470	-5.127
7843.570	0.470	-5.200
7843.580	0.470	-5.347
7843.590	0.470	-5.273
7843.600	0.470	-5.127
7843.610	0.470	-5.273
7843.620	0.490	-5.493
7843.630	0.490	-5.200
7843.640	0.490	-5.200
7843.650	0.520	-5.273
7843.660	0.520	-5.640
7843.670	0.520	-5.713
7843.680	0.530	-5.566
7843.690	0.530	-5.640
7843.700	0.530	-6.006
7843.710	0.540	-6.006
7843.720	0.540	-5.640
7843.730	0.540	-5.786
7843.740	0.570	-6.152
7843.750	0.570	-6.226
7843.760	0.570	-6.152
7843.770	0.620	-6.445
7843.780	0.620	-6.665
7843.790	0.620	-6.592
7843.800	0.660	-6.519
7843.810	0.660	-6.812
7843.820	0.660	-7.031
7843.830	0.680	-7.397
7843.840	0.680	-7.397
7843.850	0.680	-7.324
7843.860	0.690	-7.324
7843.870	0.690	-7.324
7843.880	0.690	-7.251
7843.890	0.670	-7.471
7843.900	0.670	-7.690
7843.910	0.670	-7.397
7843.920	0.650	-7.251
7843.930	0.650	-7.104
7843.940	0.650	-7.031
7843.950	0.640	-7.178
7843.960	0.640	-7.397
7843.970	0.640	-7.251
7843.980	0.630	-7.104
7843.990	0.630	-6.885
7844.000	0.630	-6.738
7844.010	0.620	-6.885
7844.020	0.620	-6.958
7844.030	0.620	-6.958
7844.040	0.630	-7.031
7844.050	0.630	-6.885
7844.060	0.630	-6.665
7844.070	0.650	-6.885
7844.080	0.650	-7.104
7844.090	0.650	-7.544
7844.100	0.720	-7.690
7844.110	0.720	-7.617
7844.120	0.720	-7.910
7844.130	0.810	-8.057
7844.140	0.810	-8.130
7844.150	0.810	-8.716
7844.160	0.840	-8.789
7844.170	0.840	-8.643
7844.180	0.840	-8.862
7844.190	0.820	-8.789
7844.200	0.820	-9.009
7844.210	0.820	-9.082
7844.220	0.810	-8.936
7844.230	0.810	-9.009
7844.240	0.810	-8.936
7844.250	0.820	-8.936
7844.260	0.820	-9.009
7844.270	0.820	-9.009
7844.280	0.820	-9.082
7844.290	0.820	-9.009
7844.300	0.820	-8.862
7844.310	0.810	-9.009
7844.320	0.810	-8.862
7844.330	0.810	-8.716
7844.340	0.780	-8.789
7844.350	0.780	-8.423
7844.360	0.780	-8.569
7844.370	0.760	-8.569
7844.380	0.760	-8.203
7844.390	0.760	-8.276
7844.400	0.750	-8.130
7844.410	0.750	-7.983
7844.420	0.750	-8.423
7844.430	0.740	-8.203
7844.440	0.740	-7.837
7844.450	0.740	-7.983
7844.460	0.710	-7.690
7844.470	0.710	-7.617
7844.480	0.710	-7.837
7844.490	0.670	-7.690
7844.500	0.670	-7.324
7844.510	0.670	-7.251
7844.520	0.640	-7.104
7844.530	0.640	-7.104
7844.540	0.640	-7.324
7844.550	0.650	-7.471
7844.560	0.650	-7.251
7844.570	0.650	-7.178
7844.580	0.670	-7.104
7844.590	0.670	-7.104
7844.600	0.670	-7.251
7844.610	0.670	-7.617
7844.620	0.670	-7.397
7844.630	0.670	-7.324
7844.640	0.690	-7.544
7844.650	0.690	-7.324
7844.660	0.690	-7.544
7844.670	0.730	-8.057
7844.680	0.730	-7.910
7844.690	0.730	-7.764
7844.700	0.750	-8.057
7844.710	0.750	-7.837
7844.720	0.750	-8.057
7844.730	0.780	-8.569
7844.740	0.780	-8.276
7844.750	0.780	-8.350
7844.760	0.830	-8.643
7844.770	0.830	-8.496
7844.780	0.830	-9.009
7844.790	0.890	-9.229
7844.800	0.890	-9.302
7844.810	0.890	-9.448
7844.820	0.930	-9.668
7844.830	0.930	-9.595
7844.840	0.930	-9.668
7844.850	0.910	-9.888
7844.860	0.910	-9.668
7844.870	0.910	-9.741
7844.880	0.830	-9.521
7844.890	0.830	-9.375
7844.900	0.830	-9.229
7844.910	0.790	-9.155
7844.920	0.790	-8.862
7844.930	0.790	-8.936
7844.940	0.790	-8.936
7844.950	0.790	-8.643
7844.960	0.790	-8.862
7844.970	0.810	-8.716
7844.980	0.810	-8.862
7844.990	0.810	-9.009
7845.000	0.820	-8.936
7845.010	0.820	-9.082
7845.020	0.820	-9.155
7845.030	0.860	-9.229
7845.040	0.860	-9.302
7845.050	0.860	-9.375
7845.060	0.890	-9.448
7845.070	0.890	-9.448
7845.080	0.890	-9.448
7845.090	0.870	-9.448
7845.100	0.870	-9.302
7845.110	0.870	-9.375
7845.120	0.830	-9.229
7845.130	0.830	-9.155
7845.140	0.830	-9.155
7845.150	0.810	-8.936
7845.160	0.810	-8.862
7845.170	0.810	-8.789
7845.180	0.800	-8.643
7845.190	0.800	-8.862
7845.200	0.800	-8.569
7845.210	0.790	-8.569
7845.220	0.790	-8.789
7845.230	0.790	-8.496
7845.240	0.820	-8.862
7845.250	0.820	-8.936
7845.260	0.820	-8.643
7845.270	0.830	-8.936
7845.280	0.830	-8.716
7845.290	0.830	-8.716
7845.300	0.790	-8.862
7845.310	0.790	-8.643
7845.320	0.790	-8.350
7845.330	0.720	-8.350
7845.340	0.720	-7.837
7845.350	0.720	-7.690
7845.360	0.640	-7.837
7845.370	0.640	-7.251
7845.380	0.640	-6.958
7845.390	0.570	-6.445
7845.400	0.570	-6.299
7845.410	0.570	-6.299
7845.420	0.520	-6.152
7845.430	0.520	-5.859
7845.440	0.520	-5.859
7845.450	0.520	-5.859
7845.460	0.520	-5.347
7845.470	0.520	-5.200
7845.480	0.470	-5.200
7845.490	0.470	-5.347
7845.500	0.470	-5.200
7845.510	0.480	-5.054
7845.520	0.480	-5.054
7845.530	0.480	-5.054
7845.540	0.460	-5.054
7845.550	0.460	-4.907
7845.560	0.460	-4.834
7845.570	0.440	-4.834
7845.580	0.440	-4.834
7845.590	0.440	-4.761
7845.600	0.430	-4.761
7845.610	0.430	-4.761
7845.620	0.430	-4.761
7845.630	0.430	-4.761
7845.640	0.430	-4.687
7845.650	0.430	-4.614
7845.660	0.410	-4.614
7845.670	0.410	-4.541
7845.680	0.410	-4.468
7845.690	0.370	-4.175
7845.700	0.370	-4.175
7845.710	0.370	-4.102
7845.720	0.340	-3.955
7845.730	0.340	-3.662
7845.740	0.340	-3.296
7845.750	0.290	-3.223
7845.760	0.290	-3.223
7845.770	0.290	-3.442
7845.780	0.270	-3.442
7845.790	0.270	-3.296
7845.800	0.270	-3.076
7845.810	0.260	-2.930
7845.820	0.260	-2.856
7845.830	0.260	-2.710
7845.840	0.250	-2.783
7845.850	0.250	-2.710
7845.860	0.250	-2.710
7845.870	0.230	-2.563
7845.880	0.230	-2.490
7845.890	0.230	-2.490
7845.900	0.230	-2.490
7845.910	0.230	-2.490
7845.920	0.230	-2.563
7845.930	0.230	-2.710
7845.940	0.230	-2.710
7845.950	0.230	-2.856
7845.960	0.220	-2.783
7845.970	0.220	-2.710
7845.980	0.220	-2.637
7845.990	0.220	-2.563
7846.000	0.220	-2.490
7846.010	0.220	-2.417
7846.020	0.220	-2.344
7846.030	0.220	-2.271
7846.040	0.220	-2.197
7846.050	0.220	-2.197
7846.060	0.220	-2.197
7846.070	0.220	-2.271
7846.080	0.240	-2.271
7846.090	0.240	-2.344
7846.100	0.240	-2.490
7846.110	0.260	-2.637
7846.120	0.260	-2.710
7846.130	0.260	-3.003
7846.140	0.250	-3.003
7846.150	0.250	-2.930
7846.160	0.250	-2.710
7846.170	0.240	-2.710
7846.180	0.240	-2.710
7846.190	0.240	-2.490
7846.200	0.230	-2.490
7846.210	0.230	-2.344
7846.220	0.230	-2.051
7846.230	0.190	-2.051
7846.240	0.190	-1.831
7846.250	0.190	-1.538
7846.260	0.100	-1.538
7846.270	0.100	-1.318
7846.280	0.100	-0.806
7846.290	-0.060	-0.806
7846.300	-0.060	-0.513
7846.310	-0.060	0.220
7846.320	-0.090	0.220
7846.330	-0.090	0.513
7846.340	-0.090	1.172
7846.350	-0.200	1.172
7846.360	-0.200	1.538
7846.370	-0.200	2.490
7846.380	-0.310	2.490
7846.390	-0.310	3.003
7846.400	-0.310	3.369
7846.410	-0.470	3.882
7846.420	-0.470	4.395
7846.430	-0.470	4.834
7846.440	-0.610	5.200
7846.450	-0.610	5.933
7846.460	-0.610	6.592
7846.470	-0.730	7.031
7846.480	-0.730	7.397
7846.490	-0.730	7.471
7846.500	-0.790	7.764
7846.510	-0.790	8.203
7846.520	-0.790	8.350
7846.530	-0.840	8.862
7846.540	-0.840	9.009
7846.550	-0.840	9.009
7846.560	-0.890	9.302
7846.570	-0.890	9.448
7846.580	-0.890	9.595
7846.590	-0.950	9.888
7846.600	-0.950	10.474
7846.610	-0.950	10.400
7846.620	-1.050	10.840
7846.630	-1.050	10.693
7846.640	-1.050	11.572
7846.650	-1.150	12.085
7846.660	-1.150	12.012
7846.670	-1.150	12.744
7846.680	-1.270	13.257
7846.690	-1.270	13.843
7846.700	-1.270	14.575
7846.710	-1.600	15.820
7846.720	-1.600	16.846
7846.730	-1.600	18.311
7846.740	-2.110	19.775
7846.750	-2.110	21.460
7846.760	-2.110	23.437
7846.770	-2.800	25.854
7846.780	-2.800	27.905
7846.790	-2.800	30.542
7846.800	-3.550	32.886
7846.810	-3.550	35.229
7846.820	-3.550	39.917
7846.830	-4.170	39.917
7846.840	-4.170	41.602
7846.850	-4.170	43.140
7846.860	-4.400	44.897
7846.870	-4.400	45.337
7846.880	-4.400	46.069
7846.890	-4.250	46.289
7846.900	-4.250	45.703
7846.910	-4.250	44.604
7846.920	-3.750	43.726
7846.930	-3.750	42.187
7846.940	-3.750	40.210
7846.950	-3.070	38.672
7846.960	-3.070	35.962
7846.970	-3.070	33.618
7846.980	-2.270	30.762
7846.990	-2.270	28.052
7847.000	-2.270	25.488
7847.010	-1.470	22.998
7847.020	-1.470	19.702
7847.030	-1.470	16.992
7847.040	-0.820	14.575
7847.050	-0.820	11.499
7847.060	-0.820	9.155
7847.070	-0.130	6.592
7847.080	-0.130	4.687
7847.090	-0.130	2.637
7847.100	0.310	0.879
7847.110	0.310	-0.586
7847.120	0.310	-1.831
7847.130	0.500	-2.856
7847.140	0.500	-3.662
7847.150	0.500	-4.321
7847.160	0.500	-4.834
7847.170	0.500	-4.907
7847.180	0.500	-4.907
7847.190	0.410	-4.834
7847.200	0.410	-4.614
7847.210	0.410	-4.395
7847.220	0.310	-3.809
7847.230	0.310	-3.442
7847.240	0.310	-3.076
7847.250	0.150	-2.563
7847.260	0.150	-1.978
7847.270	0.150	-1.611
7847.280	0.050	-1.318
7847.290	0.050	-1.025
7847.300	0.050	-0.806
7847.310	0.010	-0.586
7847.320	0.010	-0.439
7847.330	0.010	-0.293
7847.340	0.000	-0.220
7847.350	0.000	-0.146
7847.360	0.000	-0.073
7847.370	-0.010	0.000
7847.380	-0.010	0.000
7847.390	-0.010	0.000
7847.400	0.010	-0.073
7847.410	0.010	-0.146
7847.420	0.010	-0.220
7847.430	0.060	-0.366
7847.440	0.060	-0.513
7847.450	0.060	-0.586
7847.460	0.090	-0.732
7847.470	0.090	-0.806
7847.480	0.090	-0.952
7847.490	0.110	-1.099
7847.500	0.110	-1.172
7847.510	0.110	-1.245
7847.520	0.150	-1.392
7847.530	0.150	-1.392
7847.540	0.150	-1.538
7847.550	0.190	-1.831
7847.560	0.190	-2.051
7847.570	0.190	-2.344
7847.580	0.260	-2.490
7847.590	0.260	-2.637
7847.600	0.260	-2.856
7847.610	0.360	-3.296
7847.620	0.360	-3.735
7847.630	0.360	-4.175
7847.640	0.510	-4.614
7847.650	0.510	-5.200
7847.660	0.510	-5.493
7847.670	0.650	-5.786
7847.680	0.650	-6.445
7847.690	0.650	-6.885
7847.700	0.750	-7.471
7847.710	0.750	-7.837
7847.720	0.750	-7.837
7847.730	0.790	-8.276
7847.740	0.790	-8.423
7847.750	0.790	-8.276
7847.760	0.800	-8.716
7847.770	0.800	-8.716
7847.780	0.800	-8.423
7847.790	0.780	-8.643
7847.800	0.780	-8.423
7847.810	0.780	-8.276
7847.820	0.760	-8.716
7847.830	0.760	-8.276
7847.840	0.760	-8.276
7847.850	0.790	-8.496
7847.860	0.790	-8.203
7847.870	0.790	-8.716
7847.880	0.830	-8.789
7847.890	0.830	-8.569
7847.900	0.830	-8.936
7847.910	0.850	-8.936
7847.920	0.850	-9.009
7847.930	0.850	-9.155
7847.940	0.850	-9.082
7847.950	0.850	-9.155
7847.960	0.850	-9.229
7847.970	0.850	-9.302
7847.980	0.850	-9.375
7847.990	0.850	-9.375
7848.000	0.870	-9.375
7848.010	0.870	-9.448
7848.020	0.870	-9.448
7848.030	0.870	-9.521
7848.040	0.870	-9.448
7848.050	0.870	-9.448
7848.060	0.840	-9.448
7848.070	0.840	-9.375
7848.080	0.840	-9.302
7848.090	0.830	-9.229
7848.100	0.830	-9.082
7848.110	0.830	-9.009
7848.120	0.800	-8.716
7848.130	0.800	-8.862
7848.140	0.800	-8.716
7848.150	0.680	-8.276
7848.160	0.680	-8.276
7848.170	0.680	-7.837
7848.180	0.720	-7.983
7848.190	0.720	-8.203
7848.200	0.720	-7.837
7848.210	0.700	-7.617
7848.220	0.700	-7.544
7848.230	0.700	-7.251
7848.240	0.660	-7.324
7848.250	0.660	-7.544
7848.260	0.660	-7.324
7848.270	0.630	-7.104
7848.280	0.630	-6.812
7848.290	0.630	-6.812
7848.300	0.620	-6.885
7848.310	0.620	-6.958
7848.320	0.620	-7.104
7848.330	0.650	-7.104
7848.340	0.650	-7.031
7848.350	0.650	-6.958
7848.360	0.670	-7.104
7848.370	0.670	-7.324
7848.380	0.670	-7.764
7848.390	0.720	-7.617
7848.400	0.720	-7.617
7848.410	0.720	-7.983
7848.420	0.760	-7.837
7848.430	0.760	-8.057
7848.440	0.760	-8.496
7848.450	0.780	-8.350
7848.460	0.780	-8.350
7848.470	0.780	-8.203
7848.480	0.760	-8.203
7848.490	0.760	-8.423
7848.500	0.760	-8.130
7848.510	0.730	-8.130
7848.520	0.730	-8.130
7848.530	0.730	-7.837
7848.540	0.710	-7.837
7848.550	0.710	-8.130
7848.560	0.710	-8.057
7848.570	0.700	-7.690
7848.580	0.700	-7.690
7848.590	0.700	-7.544
7848.600	0.680	-7.471
7848.610	0.680	-7.617
7848.620	0.680	-7.764
7848.630	0.690	-7.471
7848.640	0.690	-7.324
7848.650	0.690	-7.251
7848.660	0.690	-7.251
7848.670	0.690	-7.544
7848.680	0.690	-7.764
7848.690	0.690	-7.617
7848.700	0.690	-7.397
7848.710	0.690	-7.544
7848.720	0.710	-7.397
7848.730	0.710	-7.471
7848.740	0.710	-7.910
7848.750	0.700	-7.690
7848.760	0.700	-7.544
7848.770	0.700	-7.617
7848.780	0.720	-7.471
7848.790	0.720	-7.544
7848.800	0.720	-8.057
7848.810	0.720	-7.837
7848.820	0.720	-7.544
7848.830	0.720	-7.617
7848.840	0.680	-7.397
7848.850	0.680	-7.397
7848.860	0.680	-7.617
7848.870	0.670	-7.617
7848.880	0.670	-7.324
7848.890	0.670	-7.178
7848.900	0.650	-7.031
7848.910	0.650	-7.031
7848.920	0.650	-7.324
7848.930	0.670	-7.617
7848.940	0.670	-7.471
7848.950	0.670	-7.471
7848.960	0.740	-7.617
7848.970	0.740	-7.397
7848.980	0.740	-7.690
7848.990	0.740	-8.130
7849.000	0.740	-7.837
7849.010	0.740	-7.764
7849.020	0.700	-7.837
7849.030	0.700	-7.544
7849.040	0.700	-7.544
7849.050	0.670	-7.910
7849.060	0.670	-7.544
7849.070	0.670	-7.397
7849.080	0.650	-7.178
7849.090	0.650	-6.885
7849.100	0.650	-6.885
7849.110	0.610	-6.958
7849.120	0.610	-6.885
7849.130	0.610	-6.812
7849.140	0.580	-6.592
7849.150	0.580	-6.079
7849.160	0.580	-6.226
7849.170	0.580	-6.372
7849.180	0.580	-6.445
7849.190	0.580	-6.519
7849.200	0.600	-6.738
7849.210	0.600	-6.372
7849.220	0.600	-6.372
7849.230	0.650	-6.592
7849.240	0.650	-6.738
7849.250	0.650	-6.885
7849.260	0.630	-7.031
7849.270	0.630	-7.031
7849.280	0.630	-6.812
7849.290	0.610	-6.592
7849.300	0.610	-6.445
7849.310	0.610	-6.592
7849.320	0.580	-6.592
7849.330	0.580	-6.299
7849.340	0.580	-6.519
7849.350	0.550	-6.372
7849.360	0.550	-5.859
7849.370	0.550	-5.713
7849.380	0.520	-5.933
7849.390	0.520	-5.933
7849.400	0.520	-5.713
7849.410	0.520	-5.566
7849.420	0.520	-5.786
7849.430	0.520	-5.786
7849.440	0.510	-5.420
7849.450	0.510	-5.347
7849.460	0.510	-5.640
7849.470	0.530	-5.859
7849.480	0.530	-5.713
7849.490	0.530	-6.152
7849.500	0.560	-6.152
7849.510	0.560	-6.226
7849.520	0.560	-5.786
7849.530	0.570	-5.786
7849.540	0.570	-6.006
7849.550	0.570	-6.006
7849.560	0.550	-6.006
7849.570	0.550	-5.933
7849.580	0.550	-6.079
7849.590	0.530	-6.079
7849.600	0.530	-5.713
7849.610	0.530	-5.859
7849.620	0.540	-5.859
7849.630	0.540	-5.933
7849.640	0.540	-5.786
7849.650	0.530	-5.859
7849.660	0.530	-6.079
7849.670	0.530	-5.933
7849.680	0.510	-5.566
7849.690	0.510	-5.493
7849.700	0.510	-5.640
7849.710	0.510	-5.713
7849.720	0.510	-5.566
7849.730	0.510	-5.493
7849.740	0.500	-5.566
7849.750	0.500	-5.566
7849.760	0.500	-5.347
7849.770	0.480	-5.200
7849.780	0.480	-5.200
7849.790	0.480	-5.420
7849.800	0.490	-5.493
7849.810	0.490	-5.347
7849.820	0.490	-5.347
7849.830	0.510	-5.640
7849.840	0.510	-5.640
7849.850	0.510	-5.493
7849.860	0.530	-5.420
7849.870	0.530	-5.713
7849.880	0.530	-6.006
7849.890	0.560	-5.859
7849.900	0.560	-5.786
7849.910	0.560	-6.226
7849.920	0.570	-6.226
7849.930	0.570	-5.859
7849.940	0.570	-5.786
7849.950	0.560	-6.079
7849.960	0.560	-6.152
7849.970	0.560	-6.006
7849.980	0.530	-5.859
7849.990	0.530	-6.079
7850.000	0.530	-6.006
7850.010	0.500	-5.493
7850.020	0.500	-5.347
7850.030	0.500	-5.420
7850.040	0.470	-5.566
7850.050	0.470	-5.200
7850.060	0.470	-5.127
7850.070	0.460	-5.054
7850.080	0.460	-5.054
7850.090	0.460	-4.980
7850.100	0.460	-4.907
7850.110	0.460	-4.907
7850.120	0.460	-4.980
7850.130	0.460	-5.054
7850.140	0.460	-4.907
7850.150	0.460	-4.907
7850.160	0.440	-4.907
7850.170	0.440	-4.980
7850.180	0.440	-5.127
7850.190	0.450	-4.907
7850.200	0.450	-4.907
7850.210	0.450	-4.907
7850.220	0.470	-4.980
7850.230	0.470	-4.980
7850.240	0.470	-4.907
7850.250	0.460	-4.907
7850.260	0.460	-4.980
7850.270	0.460	-5.127
7850.280	0.460	-4.980
7850.290	0.460	-4.907
7850.300	0.460	-4.907
7850.310	0.470	-4.980
7850.320	0.470	-5.054
7850.330	0.470	-4.980
7850.340	0.450	-4.980
7850.350	0.450	-4.907
7850.360	0.450	-4.761
7850.370	0.390	-4.541
7850.380	0.390	-4.321
7850.390	0.390	-4.175
7850.400	0.280	-3.882
7850.410	0.280	-3.516
7850.420	0.280	-2.930
7850.430	0.080	-2.344
7850.440	0.080	-1.758
7850.450	0.080	-1.025
7850.460	-0.140	-0.146
7850.470	-0.140	0.659
7850.480	-0.140	1.538
7850.490	-0.360	2.271
7850.500	-0.360	3.149
7850.510	-0.360	3.882
7850.520	-0.550	4.468
7850.530	-0.550	5.200
7850.540	-0.550	6.079
7850.550	-0.740	6.592
7850.560	-0.740	7.178
7850.570	-0.740	7.617
7850.580	-0.890	8.496
7850.590	-0.890	9.009
7850.600	-0.890	9.741
7850.610	-1.070	10.181
7850.620	-1.070	11.279
7850.630	-1.070	12.085
7850.640	-1.320	12.524
7850.650	-1.320	13.623
7850.660	-1.320	14.429
7850.670	-1.640	15.674
7850.680	-1.640	16.406
7850.690	-1.640	17.432
7850.700	-1.910	18.530
7850.710	-1.910	19.702
7850.720	-1.910	20.581
7850.730	-2.190	21.533
7850.740	-2.190	22.705
7850.750	-2.190	23.437
7850.760	-2.410	24.243
7850.770	-2.410	25.269
7850.780	-2.410	26.001
7850.790	-2.600	26.733
7850.800	-2.600	26.953
7850.810	-2.600	27.466
7850.820	-2.620	28.345
7850.830	-2.620	28.711
7850.840	-2.620	29.004
7850.850	-2.800	29.663
7850.860	-2.800	30.103
7850.870	-2.800	30.103
7850.880	-2.920	30.615
7850.890	-2.920	30.981
7850.900	-2.920	31.494
7850.910	-2.980	32.080
7850.920	-2.980	31.934
7850.930	-2.980	32.446
7850.940	-3.040	32.666
7850.950	-3.040	33.032
7850.960	-3.040	33.838
7850.970	-3.180	33.838
7850.980	-3.180	33.911
7850.990	-3.180	34.937
7851.000	-3.300	34.937
7851.010	-3.300	35.229
7851.020	-3.300	35.522
7851.030	-3.280	35.522
7851.040	-3.280	36.035
7851.050	-3.280	35.449
7851.060	-3.210	35.449
7851.070	-3.210	35.303
7851.080	-3.210	34.717
7851.090	-3.110	34.717
7851.100	-3.110	33.984
7851.110	-3.110	32.666
7851.120	-2.830	32.666
7851.130	-2.830	31.934
7851.140	-2.830	29.883
7851.150	-2.490	29.883
7851.160	-2.490	28.857
7851.170	-2.490	26.367
7851.180	-2.160	26.367
7851.190	-2.160	25.122
7851.200	-2.160	23.291
7851.210	-1.940	23.291
7851.220	-1.940	22.266
7851.230	-1.940	20.654
7851.240	-1.720	20.654
7851.250	-1.720	19.629
7851.260	-1.720	18.604
7851.270	-1.530	18.604
7851.280	-1.530	17.871
7851.290	-1.530	16.919
7851.300	-1.410	16.919
7851.310	-1.410	16.040
7851.320	-1.410	14.868
7851.330	-1.280	14.868
7851.340	-1.280	14.355
7851.350	-1.280	12.744
7851.360	-1.070	12.744
7851.370	-1.070	12.231
7851.380	-1.070	11.719
7851.390	-0.820	10.767
7851.400	-0.820	10.034
7851.410	-0.820	9.082
7851.420	-0.530	7.983
7851.430	-0.530	7.031
7851.440	-0.530	6.006
7851.450	-0.300	5.420
7851.460	-0.300	4.834
7851.470	-0.300	3.955
7851.480	-0.170	3.442
7851.490	-0.170	2.856
7851.500	-0.170	2.344
7851.510	-0.120	2.124
7851.520	-0.120	1.904
7851.530	-0.120	1.758
7851.540	-0.090	1.685
7851.550	-0.090	1.465
7851.560	-0.090	1.245
7851.570	-0.080	1.099
7851.580	-0.080	0.952
7851.590	-0.080	0.879
7851.600	-0.050	0.732
7851.610	-0.050	0.586
7851.620	-0.050	0.513
7851.630	-0.010	0.439
7851.640	-0.010	0.293
7851.650	-0.010	0.293
7851.660	0.010	0.220
7851.670	0.010	0.146
7851.680	0.010	0.073
7851.690	0.020	-0.073
7851.700	0.020	-0.073
7851.710	0.020	-0.073
7851.720	0.020	-0.146
7851.730	0.020	-0.146
7851.740	0.020	-0.146
7851.750	0.020	-0.146
7851.760	0.020	-0.146
7851.770	0.020	-0.220
7851.780	0.010	-0.220
7851.790	0.010	-0.146
7851.800	0.010	-0.146
7851.810	0.000	-0.146
7851.820	0.000	-0.073
7851.830	0.000	-0.073
7851.840	0.010	-0.146
7851.850	0.010	-0.146
7851.860	0.010	-0.220
7851.870	0.030	-0.146
7851.880	0.030	-0.220
7851.890	0.030	-0.220
7851.900	0.030	-0.220
7851.910	0.030	-0.293
7851.920	0.030	-0.293
7851.930	0.030	-0.366
7851.940	0.030	-0.293
7851.950	0.030	-0.293
7851.960	0.030	-0.293
7851.970	0.030	-0.366
7851.980	0.030	-0.293
7851.990	0.030	-0.293
7852.000	0.030	-0.293
7852.010	0.030	-0.293
7852.020	0.010	-0.293
7852.030	0.010	-0.220
7852.040	0.010	-0.220
7852.050	0.000	-0.220
7852.060	0.000	-0.146
7852.070	0.000	0.000
7852.080	-0.020	0.073
7852.090	-0.020	0.073
7852.100	-0.020	0.146
7852.110	-0.030	0.220
7852.120	-0.030	0.220
7852.130	-0.030	0.220
7852.140	-0.010	0.220
7852.150	-0.010	0.293
7852.160	-0.010	0.293
7852.170	0.000	0.220
7852.180	0.000	0.146
7852.190	0.000	0.146
7852.200	0.000	0.073
7852.210	0.000	0.073
7852.220	0.000	0.073
7852.230	0.010	0.073
7852.240	0.010	0.073
7852.250	0.010	-0.073
7852.260	0.010	-0.073
7852.270	0.010	-0.073
7852.280	0.010	-0.146
7852.290	0.020	-0.146
7852.300	0.020	-0.146
7852.310	0.020	-0.220
7852.320	0.020	-0.220
7852.330	0.020	-0.220
7852.340	0.020	-0.220
7852.350	0.010	-0.146
7852.360	0.010	-0.220
7852.370	0.010	-0.293
7852.380	0.030	-0.293
7852.390	0.030	-0.439
7852.400	0.030	-0.586
7852.410	0.080	-0.732
7852.420	0.080	-0.879
7852.430	0.080	-1.099
7852.440	0.130	-1.318
7852.450	0.130	-1.465
7852.460	0.130	-1.685
7852.470	0.230	-1.904
7852.480	0.230	-2.271
7852.490	0.230	-2.856
7852.500	0.410	-3.369
7852.510	0.410	-3.882
7852.520	0.410	-4.907
7852.530	0.700	-5.493
7852.540	0.700	-6.445
7852.550	0.700	-7.471
7852.560	1.040	-8.862
7852.570	1.040	-9.814
7852.580	1.040	-11.133
7852.590	1.410	-12.378
7852.600	1.410	-13.477
7852.610	1.410	-14.941
7852.620	1.700	-15.601
7852.630	1.700	-17.065
7852.640	1.700	-18.091
7852.650	1.970	-19.556
7852.660	1.970	-20.215
7852.670	1.970	-21.826
7852.680	2.220	-22.485
7852.690	2.220	-23.218
7852.700	2.220	-24.243
7852.710	2.480	-24.976
7852.720	2.480	-26.367
7852.730	2.480	-27.173
7852.740	2.790	-28.345
7852.750	2.790	-29.297
7852.760	2.790	-30.542
7852.770	3.140	-31.128
7852.780	3.140	-32.227
7852.790	3.140	-34.497
7852.800	3.390	-34.497
7852.810	3.390	-35.156
7852.820	3.390	-35.742
7852.830	3.460	-36.475
7852.840	3.460	-36.841
7852.850	3.460	-36.841
7852.860	3.390	-36.841
7852.870	3.390	-36.987
7852.880	3.390	-36.621
7852.890	3.230	-36.621
7852.900	3.230	-35.596
7852.910	3.230	-34.497
7852.920	2.990	-34.497
7852.930	2.990	-33.252
7852.940	2.990	-30.469
7852.950	2.540	-30.469
7852.960	2.540	-29.224
7852.970	2.540	-25.195
7852.980	1.840	-25.195
7852.990	1.840	-22.559
7853.000	1.840	-17.871
7853.010	1.110	-17.871
7853.020	1.110	-14.575
7853.030	1.110	-11.646
7853.040	0.090	-8.130
7853.050	0.090	-4.907
7853.060	0.090	1.392
7853.070	-0.910	1.392
7853.080	-0.910	4.907
7853.090	-0.910	11.353
7853.100	-1.670	11.353
7853.110	-1.670	13.989
7853.120	-1.670	19.702
7853.130	-2.310	19.702
7853.140	-2.310	21.826
7853.150	-2.310	26.880
7853.160	-3.020	26.880
7853.170	-3.020	29.736
7853.180	-3.020	34.790
7853.190	-3.680	34.790
7853.200	-3.680	37.427
7853.210	-3.680	42.700
7853.220	-4.460	42.700
7853.230	-4.460	44.824
7853.240	-4.460	48.340
7853.250	-4.860	48.340
7853.260	-4.860	50.391
7853.270	-4.860	52.661
7853.280	-4.960	52.661
7853.290	-4.960	53.394
7853.300	-4.960	53.394
7853.310	-4.960	53.394
7853.320	-4.960	53.174
7853.330	-4.960	52.661
7853.340	-4.600	52.148
7853.350	-4.600	50.684
7853.360	-4.600	48.560
7853.370	-3.820	46.069
7853.380	-3.820	43.066
7853.390	-3.820	39.111
7853.400	-2.360	35.229
7853.410	-2.360	30.688
7853.420	-2.360	25.635
7853.430	-0.690	20.361
7853.440	-0.690	14.355
7853.450	-0.690	9.082
7853.460	0.950	3.149
7853.470	0.950	-2.563
7853.480	0.950	-8.496
7853.490	2.400	-13.330
7853.500	2.400	-18.677
7853.510	2.400	-23.584
7853.520	3.630	-28.491
7853.530	3.630	-32.886
7853.540	3.630	-36.841
7853.550	4.590	-41.089
7853.560	4.590	-44.165
7853.570	4.590	-47.021
7853.580	5.080	-49.585
7853.590	5.080	-52.368
7853.600	5.080	-54.053
7853.610	5.400	-55.737
7853.620	5.400	-56.616
7853.630	5.400	-57.788
7853.640	5.430	-58.154
7853.650	5.430	-57.935
7853.660	5.430	-57.861
7853.670	5.100	-57.495
7853.680	5.100	-56.104
7853.690	5.100	-54.492
7853.700	4.450	-53.320
7853.710	4.450	-50.977
7853.720	4.450	-49.146
7853.730	3.690	-46.216
7853.740	3.690	-43.140
7853.750	3.690	-40.210
7853.760	2.740	-36.255
7853.770	2.740	-32.007
7853.780	2.740	-27.612
7853.790	1.100	-22.559
7853.800	1.100	-17.065
7853.810	1.100	-11.426
7853.820	-0.920	-5.054
7853.830	-0.920	0.806
7853.840	-0.920	12.671
7853.850	-2.490	12.671
7853.860	-2.490	17.798
7853.870	-2.490	27.393
7853.880	-3.450	27.393
7853.890	-3.450	31.494
7853.900	-3.450	38.232
7853.910	-4.210	38.232
7853.920	-4.210	40.723
7853.930	-4.210	45.190
7853.940	-4.550	45.190
7853.950	-4.550	46.436
7853.960	-4.550	48.413
7853.970	-4.470	48.413
7853.980	-4.470	48.779
7853.990	-4.470	48.853
7854.000	-4.430	48.853
7854.010	-4.430	48.706
7854.020	-4.430	47.754
7854.030	-4.280	47.754
7854.040	-4.280	46.802
7854.050	-4.280	44.971
7854.060	-3.920	44.971
7854.070	-3.920	43.579
7854.080	-3.920	40.942
7854.090	-3.370	40.942
7854.100	-3.370	39.038
7854.110	-3.370	34.937
7854.120	-2.790	34.937
7854.130	-2.790	32.739
7854.140	-2.790	27.905
7854.150	-2.060	27.905
7854.160	-2.060	25.415
7854.170	-2.060	19.775
7854.180	-1.290	19.775
7854.190	-1.290	17.139
7854.200	-1.290	10.986
7854.210	-0.410	10.986
7854.220	-0.410	7.910
7854.230	-0.410	1.465
7854.240	0.660	1.465
7854.250	0.660	-2.417
7854.260	0.660	-6.226
7854.270	1.830	-9.888
7854.280	1.830	-13.843
7854.290	1.830	-17.578
7854.300	2.700	-21.240
7854.310	2.700	-24.683
7854.320	2.700	-28.271
7854.330	3.490	-31.934
7854.340	3.490	-34.570
7854.350	3.490	-37.134
7854.360	4.110	-39.624
7854.370	4.110	-41.675
7854.380	4.110	-43.286
7854.390	4.470	-45.190
7854.400	4.470	-46.362
7854.410	4.470	-47.241
7854.420	4.540	-47.900
7854.430	4.540	-47.974
7854.440	4.540	-48.193
7854.450	4.330	-48.120
7854.460	4.330	-47.607
7854.470	4.330	-46.948
7854.480	3.930	-44.751
7854.490	3.930	-43.726
7854.500	3.930	-43.726
7854.510	3.600	-42.480
7854.520	3.600	-41.016
7854.530	3.600	-39.331
7854.540	3.170	-37.646
7854.550	3.170	-35.889
7854.560	3.170	-33.545
7854.570	2.470	-30.981
7854.580	2.470	-28.198
7854.590	2.470	-25.122
7854.600	1.180	-21.460
7854.610	1.180	-17.578
7854.620	1.180	-12.891
7854.630	-0.400	-8.496
7854.640	-0.400	-3.735
7854.650	-0.400	1.392
7854.660	-1.690	5.859
7854.670	-1.690	10.400
7854.680	-1.690	15.015
7854.690	-2.510	18.896
7854.700	-2.510	22.925
7854.710	-2.510	26.660
7854.720	-3.400	29.956
7854.730	-3.400	32.959
7854.740	-3.400	35.962
7854.750	-4.170	38.892
7854.760	-4.170	41.455
7854.770	-4.170	43.799
7854.780	-4.670	45.923
7854.790	-4.670	47.827
7854.800	-4.670	49.219
7854.810	-4.920	50.464
7854.820	-4.920	50.903
7854.830	-4.920	51.416
7854.840	-4.630	51.562
7854.850	-4.630	50.830
7854.860	-4.630	49.292
7854.870	-4.290	49.292
7854.880	-4.290	48.120
7854.890	-4.290	44.897
7854.900	-3.790	44.897
7854.910	-3.790	42.847
7854.920	-3.790	38.965
7854.930	-3.130	38.965
7854.940	-3.130	36.548
7854.950	-3.130	34.277
7854.960	-2.340	31.934
7854.970	-2.340	28.931
7854.980	-2.340	26.074
7854.990	-1.460	23.145
7855.000	-1.460	19.995
7855.010	-1.460	17.212
7855.020	-0.570	13.916
7855.030	-0.570	10.547
7855.040	-0.570	7.324
7855.050	0.270	3.955
7855.060	0.270	0.366
7855.070	0.270	-3.149
7855.080	1.360	-6.812
7855.090	1.360	-10.181
7855.100	1.360	-13.916
7855.110	2.380	-17.651
7855.120	2.380	-20.947
7855.130	2.380	-24.243
7855.140	3.220	-27.905
7855.150	3.220	-30.981
7855.160	3.220	-33.838
7855.170	3.860	-36.328
7855.180	3.860	-38.379
7855.190	3.860	-40.430
7855.200	4.270	-42.627
7855.210	4.270	-44.019
7855.220	4.270	-45.557
7855.230	4.420	-46.436
7855.240	4.420	-46.802
7855.250	4.420	-47.168
7855.260	4.410	-47.681
7855.270	4.410	-47.607
7855.280	4.410	-47.754
7855.290	4.260	-47.607
7855.300	4.260	-46.362
7855.310	4.260	-45.410
7855.320	3.860	-44.312
7855.330	3.860	-42.700
7855.340	3.860	-40.796
7855.350	3.080	-38.745
7855.360	3.080	-35.962
7855.370	3.080	-33.252
7855.380	2.000	-29.883
7855.390	2.000	-26.147
7855.400	2.000	-22.485
7855.410	0.760	-18.823
7855.420	0.760	-14.575
7855.430	0.760	-10.400
7855.440	-0.280	-6.445
7855.450	-0.280	-2.124
7855.460	-0.280	2.197
7855.470	-1.430	6.372
7855.480	-1.430	10.327
7855.490	-1.430	14.136
7855.500	-2.460	18.018
7855.510	-2.460	21.387
7855.520	-2.460	25.049
7855.530	-3.280	28.271
7855.540	-3.280	31.201
7855.550	-3.280	33.911
7855.560	-3.900	36.548
7855.570	-3.900	38.672
7855.580	-3.900	40.649
7855.590	-4.260	42.554
7855.600	-4.260	43.579
7855.610	-4.260	45.117
7855.620	-4.380	45.776
7855.630	-4.380	45.996
7855.640	-4.380	46.143
7855.650	-4.130	45.996
7855.660	-4.130	44.751
7855.670	-4.130	44.092
7855.680	-3.660	43.213
7855.690	-3.660	41.455
7855.700	-3.660	39.697
7855.710	-3.030	37.793
7855.720	-3.030	35.156
7855.730	-3.030	32.959
7855.740	-2.210	30.396
7855.750	-2.210	27.466
7855.760	-2.210	24.902
7855.770	-1.230	21.460
7855.780	-1.230	17.725
7855.790	-1.230	14.355
7855.800	-0.250	10.913
7855.810	-0.250	6.665
7855.820	-0.250	3.296
7855.830	0.920	-0.952
7855.840	0.920	-4.980
7855.850	0.920	-8.936
7855.860	2.040	-13.037
7855.870	2.040	-16.846
7855.880	2.040	-24.097
7855.890	2.990	-24.097
7855.900	2.990	-27.393
7855.910	2.990	-33.032
7855.920	3.640	-33.032
7855.930	3.640	-35.303
7855.940	3.640	-39.331
7855.950	3.940	-39.331
7855.960	3.940	-40.649
7855.970	3.940	-41.602
7855.980	4.000	-42.480
7855.990	4.000	-42.773
7856.000	4.000	-43.066
7856.010	3.970	-43.213
7856.020	3.970	-43.579
7856.030	3.970	-43.433
7856.040	3.910	-42.993
7856.050	3.910	-42.187
7856.060	3.910	-41.382
7856.070	3.470	-40.210
7856.080	3.470	-38.525
7856.090	3.470	-37.280
7856.100	2.800	-35.522
7856.110	2.800	-33.398
7856.120	2.800	-30.762
7856.130	1.990	-28.125
7856.140	1.990	-25.122
7856.150	1.990	-22.412
7856.160	1.190	-15.601
7856.170	1.190	-11.792
7856.180	1.190	-11.792
7856.190	-0.090	-7.544
7856.200	-0.090	-3.369
7856.210	-0.090	1.392
7856.220	-1.630	6.226
7856.230	-1.630	10.986
7856.240	-1.630	15.967
7856.250	-3.020	20.947
7856.260	-3.020	25.415
7856.270	-3.020	29.736
7856.280	-3.950	33.765
7856.290	-3.950	37.134
7856.300	-3.950	40.576
7856.310	-4.500	43.359
7856.320	-4.500	45.264
7856.330	-4.500	46.948
7856.340	-4.730	48.120
7856.350	-4.730	48.926
7856.360	-4.730	49.658
7856.370	-4.570	49.878
7856.380	-4.570	49.365
7856.390	-4.570	48.853
7856.400	-4.250	48.193
7856.410	-4.250	46.948
7856.420	-4.250	45.630
7856.430	-3.710	44.312
7856.440	-3.710	41.968
7856.450	-3.710	39.990
7856.460	-2.890	37.354
7856.470	-2.890	34.644
7856.480	-2.890	31.787
7856.490	-1.870	28.491
7856.500	-1.870	24.976
7856.510	-1.870	21.240
7856.520	-0.700	17.505
7856.530	-0.700	13.257
7856.540	-0.700	9.448
7856.550	0.350	5.493
7856.560	0.350	1.538
7856.570	0.350	-2.783
7856.580	1.480	-6.812
7856.590	1.480	-10.474
7856.600	1.480	-14.722
7856.610	2.450	-18.237
7856.620	2.450	-21.680
7856.630	2.450	-24.902
7856.640	3.220	-28.125
7856.650	3.220	-30.908
7856.660	3.220	-33.179
7856.670	3.690	-35.156
7856.680	3.690	-37.061
7856.690	3.690	-38.672
7856.700	3.880	-39.917
7856.710	3.880	-40.723
7856.720	3.880	-41.382
7856.730	3.900	-41.895
7856.740	3.900	-41.821
7856.750	3.900	-41.895
7856.760	3.830	-41.968
7856.770	3.830	-41.602
7856.780	3.830	-40.649
7856.790	3.480	-40.063
7856.800	3.480	-38.306
7856.810	3.480	-36.987
7856.820	2.790	-35.083
7856.830	2.790	-32.739
7856.840	2.790	-29.956
7856.850	1.810	-27.319
7856.860	1.810	-24.390
7856.870	1.810	-21.240
7856.880	0.870	-18.164
7856.890	0.870	-14.722
7856.900	0.870	-12.012
7856.910	0.280	-9.375
7856.920	0.280	-7.031
7856.930	0.280	-4.761
7856.940	-0.100	-3.223
7856.950	-0.100	-1.611
7856.960	-0.100	-0.146
7856.970	-0.270	1.025
7856.980	-0.270	1.758
7856.990	-0.270	2.344
7857.000	-0.340	2.783
7857.010	-0.340	3.149
7857.020	-0.340	3.516
7857.030	-0.360	3.809
7857.040	-0.360	4.028
7857.050	-0.360	4.028
7857.060	-0.360	3.955
7857.070	-0.360	3.735
7857.080	-0.360	3.516
7857.090	-0.340	3.369
7857.100	-0.340	3.149
7857.110	-0.340	2.856
7857.120	-0.110	2.417
7857.130	-0.110	1.904
7857.140	-0.110	1.538
7857.150	0.010	1.172
7857.160	0.010	0.806
7857.170	0.010	0.439
7857.180	0.040	0.146
7857.190	0.040	-0.146
7857.200	0.040	-0.366
7857.210	0.060	-0.513
7857.220	0.060	-0.586
7857.230	0.060	-0.659
7857.240	0.080	-0.732
7857.250	0.080	-0.732
7857.260	0.080	-0.732
7857.270	0.080	-0.732
7857.280	0.080	-0.659
7857.290	0.080	-0.659
7857.300	0.070	-0.659
7857.310	0.070	-0.586
7857.320	0.070	-0.586
7857.330	0.060	-0.586
7857.340	0.060	-0.513
7857.350	0.060	-0.513
7857.360	0.060	-0.513
7857.370	0.060	-0.513
7857.380	0.060	-0.513
7857.390	0.060	-0.439
7857.400	0.060	-0.366
7857.410	0.060	-0.366
7857.420	-0.010	-0.073
7857.430	-0.010	0.220
7857.440	-0.010	0.659
7857.450	-0.340	1.611
7857.460	-0.340	2.490
7857.470	-0.340	3.369
7857.480	-0.690	4.541
7857.490	-0.690	5.273
7857.500	-0.690	6.592
7857.510	-0.970	7.764
7857.520	-0.970	8.862
7857.530	-0.970	9.595
7857.540	-1.070	10.620
7857.550	-1.070	10.840
7857.560	-1.070	11.499
7857.570	-1.170	12.085
7857.580	-1.170	12.598
7857.590	-1.170	13.623
7857.600	-1.460	14.209
7857.610	-1.460	14.941
7857.620	-1.460	15.308
7857.630	-1.710	16.479
7857.640	-1.710	16.992
7857.650	-1.710	18.018
7857.660	-1.830	18.750
7857.670	-1.830	19.409
7857.680	-1.830	19.922
7857.690	-1.930	20.142
7857.700	-1.930	20.435
7857.710	-1.930	20.435
7857.720	-2.010	21.240
7857.730	-2.010	21.094
7857.740	-2.010	21.387
7857.750	-1.970	21.240
7857.760	-1.970	21.094
7857.770	-1.970	21.021
7857.780	-1.780	20.435
7857.790	-1.780	20.215
7857.800	-1.780	19.702
7857.810	-1.570	19.189
7857.820	-1.570	18.237
7857.830	-1.570	17.798
7857.840	-1.390	16.626
7857.850	-1.390	16.040
7857.860	-1.390	14.941
7857.870	-1.140	14.136
7857.880	-1.140	13.257
7857.890	-1.140	12.158
7857.900	-0.850	11.353
7857.910	-0.850	10.547
7857.920	-0.850	9.375
7857.930	-0.530	8.130
7857.940	-0.530	7.251
7857.950	-0.530	5.933
7857.960	-0.190	4.980
7857.970	-0.190	3.735
7857.980	-0.190	2.783
7857.990	0.120	1.831
7858.000	0.120	0.586
7858.010	0.120	-0.439
7858.020	0.330	-1.465
7858.030	0.330	-2.344
7858.040	0.330	-3.003
7858.050	0.490	-3.516
7858.060	0.490	-4.102
7858.070	0.490	-4.687
7858.080	0.540	-4.980
7858.090	0.540	-5.200
7858.100	0.540	-5.420
7858.110	0.530	-5.713
7858.120	0.530	-5.566
7858.130	0.530	-5.420
7858.140	0.520	-5.493
7858.150	0.520	-5.713
7858.160	0.520	-5.640
7858.170	0.510	-5.493
7858.180	0.510	-5.493
7858.190	0.510	-5.713
7858.200	0.490	-5.640
7858.210	0.490	-5.347
7858.220	0.490	-5.200
7858.230	0.480	-5.200
7858.240	0.480	-5.347
7858.250	0.480	-5.200
7858.260	0.460	-5.054
7858.270	0.460	-4.980
7858.280	0.460	-5.054
7858.290	0.440	-4.907
7858.300	0.440	-4.834
7858.310	0.440	-4.761
7858.320	0.430	-4.761
7858.330	0.430	-4.761
7858.340	0.430	-4.687
7858.350	0.420	-4.687
7858.360	0.420	-4.687
7858.370	0.420	-4.687
7858.380	0.410	-4.614
7858.390	0.410	-4.614
7858.400	0.410	-4.614
7858.410	0.400	-4.614
7858.420	0.400	-4.541
7858.430	0.400	-4.468
7858.440	0.400	-4.321
7858.450	0.400	-4.321
7858.460	0.400	-4.321
7858.470	0.380	-4.248
7858.480	0.380	-4.102
7858.490	0.380	-3.955
7858.500	0.370	-4.102
7858.510	0.370	-4.175
7858.520	0.370	-4.175
7858.530	0.360	-4.102
7858.540	0.360	-3.955
7858.550	0.360	-3.735
7858.560	0.340	-3.809
7858.570	0.340	-3.882
7858.580	0.340	-3.882
7858.590	0.320	-3.809
7858.600	0.320	-3.516
7858.610	0.320	-3.369
7858.620	0.310	-3.442
7858.630	0.310	-3.589
7858.640	0.310	-3.662
7858.650	0.300	-3.662
7858.660	0.300	-3.516
7858.670	0.300	-3.223
7858.680	0.280	-3.076
7858.690	0.280	-2.930
7858.700	0.280	-2.930
7858.710	0.270	-2.930
7858.720	0.270	-2.930
7858.730	0.270	-2.783
7858.740	0.260	-2.710
7858.750	0.260	-2.637
7858.760	0.260	-2.563
7858.770	0.260	-2.710
7858.780	0.260	-2.710
7858.790	0.260	-2.856
7858.800	0.240	-2.930
7858.810	0.240	-2.930
7858.820	0.240	-2.783
7858.830	0.230	-2.710
7858.840	0.230	-2.563
7858.850	0.230	-2.563
7858.860	0.220	-2.490
7858.870	0.220	-2.344
7858.880	0.220	-2.271
7858.890	0.210	-2.124
7858.900	0.210	-2.051
7858.910	0.210	-2.051
7858.920	0.190	-2.051
7858.930	0.190	-1.978
7858.940	0.190	-1.978
7858.950	0.180	-1.978
7858.960	0.180	-1.978
7858.970	0.180	-1.978
7858.980	0.160	-1.978
7858.990	0.160	-1.978
7859.000	0.160	-1.831
7859.010	0.150	-1.685
7859.020	0.150	-1.611
7859.030	0.150	-1.685
7859.040	0.130	-1.685
7859.050	0.130	-1.685
7859.060	0.130	-1.685
7859.070	0.110	-1.611
7859.080	0.110	-1.611
7859.090	0.110	-1.538
7859.100	0.100	-1.465
7859.110	0.100	-1.392
7859.120	0.100	-1.318
7859.130	0.090	-1.172
7859.140	0.090	-0.952
7859.150	0.090	-0.879
7859.160	0.080	-0.806
7859.170	0.080	-0.659
7859.180	0.080	-0.659
7859.190	0.060	-0.586
7859.200	0.060	-0.513
7859.210	0.060	-0.439
7859.220	0.050	-0.439
7859.230	0.050	-0.366
7859.240	0.050	-0.439
7859.250	0.040	-0.366
7859.260	0.040	-0.366
7859.270	0.040	-0.366
7859.280	0.030	-0.293
7859.290	0.030	-0.220
7859.300	0.030	-0.220
7859.310	0.020	-0.220
7859.320	0.020	-0.146
7859.330	0.020	-0.146
7859.340	0.010	-0.073
7859.350	0.010	-0.073
7859.360	0.010	0.000
7859.370	0.000	0.000
7859.380	0.000	0.000
7859.390	0.000	0.000
7859.400	-0.010	0.000
7859.410	-0.010	0.000
7859.420	-0.010	0.000
7859.430	-0.020	0.000
7859.440	-0.020	0.073
7859.450	-0.020	0.073
7859.460	-0.030	0.146
7859.470	-0.030	0.146
7859.480	-0.030	0.146
7859.490	-0.030	0.220
7859.500	-0.030	0.220
7859.510	-0.030	0.220
7859.520	-0.040	0.293
7859.530	-0.040	0.293
7859.540	-0.040	0.293
7859.550	-0.040	0.366
7859.560	-0.040	0.293
7859.570	-0.040	0.366
7859.580	-0.050	0.366
7859.590	-0.050	0.366
7859.600	-0.050	0.439
7859.610	-0.050	0.513
7859.620	-0.050	0.439
7859.630	-0.050	0.513
7859.640	-0.060	0.513
7859.650	-0.060	0.513
7859.660	-0.060	0.586
7859.670	-0.060	0.586
