%Time [ms]	Commanded Torque [mNm]	Angular Velocity [RPM]	Actual Current [Amp]	%2/24/20261:09 PM
0.000	0.000	0.000	0.000
10.000	0.000	0.000	0.002
20.000	0.000	0.000	0.003
30.000	0.000	0.000	0.004
40.000	0.000	0.000	0.004
50.000	0.000	0.000	0.001
60.000	0.000	0.000	0.002
70.000	0.000	0.000	0.006
80.000	0.000	0.000	0.004
90.000	0.000	0.000	0.004
100.000	0.000	0.000	0.004
110.000	0.000	0.000	0.006
120.000	0.000	0.000	0.002
130.000	0.000	0.000	0.002
140.000	0.000	0.000	0.003
150.000	0.000	0.000	0.004
160.000	0.000	0.000	0.001
170.000	0.000	0.000	0.003
180.000	0.000	0.000	0.004
190.000	0.000	0.000	0.004
200.000	0.000	0.000	0.001
210.000	0.000	0.000	0.001
220.000	0.000	0.000	0.001
230.000	0.000	0.000	0.004
240.000	0.000	0.000	0.003
250.000	0.000	0.000	0.002
260.000	0.000	0.000	0.004
270.000	0.000	0.000	0.003
280.000	0.000	0.000	0.002
290.000	0.000	0.000	0.002
300.000	0.000	0.000	0.002
310.000	0.000	0.000	0.006
320.000	0.000	0.000	0.002
330.000	0.000	0.000	0.002
340.000	0.000	0.000	0.004
350.000	0.000	0.000	0.004
360.000	0.000	0.000	0.003
370.000	0.000	0.000	0.003
380.000	0.000	0.000	0.003
390.000	0.000	0.000	0.006
400.000	0.000	0.000	-0.000
410.000	0.000	0.000	0.001
420.000	0.000	0.000	0.006
430.000	0.000	0.000	0.004
440.000	0.000	0.000	0.002
450.000	0.000	0.000	0.002
460.000	0.000	0.000	0.006
470.000	0.000	0.000	0.004
480.000	0.000	0.000	0.003
490.000	0.000	0.000	0.003
500.000	0.000	0.000	0.004
510.000	0.000	0.000	0.004
520.000	0.000	0.000	0.002
530.000	0.000	0.000	0.001
540.000	0.000	0.000	0.004
550.000	0.000	0.000	0.003
560.000	0.000	0.000	0.001
570.000	0.000	0.000	0.001
580.000	0.000	0.000	0.006
590.000	0.000	0.000	0.004
600.000	0.000	0.000	0.004
610.000	0.000	0.000	0.002
620.000	0.000	0.000	0.006
630.000	0.000	0.000	0.006
640.000	0.000	0.000	0.003
650.000	0.000	0.000	0.003
660.000	0.000	0.000	0.004
670.000	0.000	0.000	0.006
680.000	0.000	0.000	0.003
690.000	0.000	0.000	0.001
700.000	0.000	0.000	0.003
710.000	0.000	0.000	0.003
720.000	0.000	0.000	0.002
730.000	0.000	0.000	0.001
740.000	0.000	0.000	0.004
750.000	0.000	0.000	0.004
760.000	0.000	0.000	0.002
770.000	0.000	0.000	0.004
780.000	0.000	0.000	0.004
790.000	0.000	0.000	0.006
800.000	0.000	0.000	0.001
810.000	0.000	0.000	0.003
820.000	0.000	0.000	0.006
830.000	0.000	0.000	0.006
840.000	0.000	0.000	0.002
850.000	0.000	0.000	0.004
860.000	0.000	0.000	0.001
870.000	0.000	0.000	0.006
880.000	0.000	0.000	0.001
890.000	0.000	0.000	0.003
900.000	0.000	0.000	0.004
10.000	0.000	0.000	0.006
20.000	0.000	0.000	0.001
30.000	0.000	0.000	0.001
40.000	0.000	0.000	0.004
50.000	0.000	0.000	0.004
60.000	0.000	0.000	0.002
70.000	0.000	0.000	0.002
80.000	0.000	0.000	0.002
90.000	0.000	0.000	0.002
100.000	0.000	0.000	0.001
110.000	0.000	0.000	0.001
120.000	0.000	0.000	0.007
130.000	0.000	0.000	0.004
140.000	0.000	0.000	0.001
150.000	0.000	0.000	0.002
160.000	0.000	0.000	0.004
170.000	0.000	0.000	0.004
180.000	0.000	0.000	0.003
190.000	0.000	0.000	0.003
200.000	0.000	0.000	0.003
210.000	0.000	0.000	0.007
220.000	0.000	0.000	0.003
230.000	0.000	0.000	0.001
240.000	0.000	0.000	0.006
250.000	0.000	0.000	0.004
260.000	0.000	0.000	0.003
270.000	0.000	0.000	0.003
280.000	0.000	0.000	0.006
290.000	0.000	0.000	0.003
300.000	0.000	0.000	0.003
310.000	0.000	0.000	0.003
320.000	0.000	0.000	0.003
330.000	0.000	0.000	0.006
340.000	0.000	0.000	0.002
350.000	0.000	0.000	0.003
360.000	0.000	0.000	0.003
370.000	0.000	0.000	0.003
380.000	0.000	0.000	0.003
390.000	0.000	0.000	0.002
400.000	0.000	0.000	0.003
410.000	0.000	0.000	0.007
420.000	0.000	0.000	0.003
430.000	0.000	0.000	0.002
440.000	0.000	0.000	0.006
450.000	0.000	0.000	0.004
460.000	0.000	0.000	0.002
470.000	0.000	0.000	0.003
480.000	0.000	0.000	0.006
490.000	0.000	0.000	0.004
500.000	0.000	0.000	0.004
510.000	0.000	0.000	0.001
520.000	0.000	0.000	0.003
530.000	0.000	0.000	0.004
540.000	0.000	0.000	0.002
550.000	0.000	0.000	0.003
560.000	0.000	0.000	0.004
570.000	0.000	0.000	0.003
580.000	0.000	0.000	0.002
590.000	0.000	0.000	0.003
600.000	0.000	0.000	0.006
610.000	0.000	0.000	0.003
620.000	0.000	0.000	-0.000
630.000	0.000	0.000	0.004
640.000	0.000	0.000	0.006
650.000	0.000	0.000	0.004
660.000	0.000	0.000	0.002
670.000	0.000	0.000	0.003
680.000	0.000	0.000	0.003
690.000	0.000	0.000	0.006
700.000	0.000	0.000	0.003
710.000	0.000	0.000	0.003
720.000	0.000	0.000	0.002
730.000	0.000	0.000	0.006
740.000	0.000	0.000	0.004
750.000	0.000	0.000	0.001
760.000	0.000	0.000	0.004
770.000	0.000	0.000	0.006
780.000	0.000	0.000	0.004
790.000	0.000	0.000	0.003
800.000	0.000	0.000	0.007
810.000	0.000	0.000	0.007
820.000	0.000	0.000	0.001
830.000	0.000	0.000	0.003
840.000	0.000	0.000	0.003
850.000	0.000	0.000	0.006
860.000	0.000	0.000	0.002
870.000	0.000	0.000	0.003
880.000	0.000	0.000	0.002
890.000	0.000	0.000	0.006
900.000	0.000	0.000	0.006
910.000	0.000	0.000	0.003
920.000	0.000	0.000	0.003
930.000	0.000	0.000	0.004
940.000	0.000	0.000	0.006
950.000	0.000	0.000	0.003
960.000	0.000	0.000	0.002
970.000	0.000	0.000	0.004
980.000	0.000	0.000	0.004
990.000	0.000	0.000	0.003
1000.000	0.000	0.000	0.002
1010.000	0.000	0.000	0.006
1020.000	0.000	0.000	0.004
1030.000	0.000	0.000	0.004
1040.000	0.000	0.000	0.002
1050.000	0.000	0.000	0.004
1060.000	0.000	0.000	0.004
1070.000	0.000	0.000	0.001
1080.000	0.000	0.000	0.003
1090.000	0.000	0.000	0.003
1100.000	0.000	0.000	0.003
1110.000	0.000	0.000	0.003
1120.000	0.000	0.000	0.004
1130.000	0.000	0.000	0.004
1140.000	0.000	0.000	0.004
1150.000	0.000	0.000	0.002
1160.000	0.000	0.000	0.003
1170.000	0.000	0.000	0.004
1180.000	0.000	0.000	0.004
1190.000	0.000	0.000	0.002
1200.000	0.000	0.000	0.003
1210.000	0.000	0.000	0.004
1220.000	0.000	0.000	0.003
1230.000	0.000	0.000	0.002
1240.000	0.000	0.000	0.002
1250.000	0.000	0.000	0.006
1260.000	0.000	0.000	0.006
1270.000	0.000	0.000	0.002
1280.000	0.000	0.000	0.002
1290.000	0.000	0.000	0.003
1300.000	0.000	0.000	0.003
1310.000	0.000	0.000	0.002
1320.000	0.000	0.000	0.002
1330.000	0.000	0.000	0.002
1340.000	0.000	0.000	0.003
1350.000	0.000	0.000	0.006
1360.000	0.000	0.000	0.002
1370.000	0.000	0.000	0.004
1380.000	0.000	0.000	0.004
1390.000	0.000	0.000	0.004
1400.000	0.000	0.000	0.001
1410.000	0.000	0.000	0.001
1420.000	0.000	0.000	0.007
1430.000	0.000	0.000	0.002
1440.000	0.000	0.000	0.004
1450.000	0.000	0.000	0.001
1460.000	0.000	0.000	0.006
1470.000	0.000	0.000	0.004
1480.000	0.000	0.000	0.002
1490.000	0.000	0.000	0.002
1500.000	0.000	0.000	0.006
1510.000	0.000	0.000	0.003
1520.000	0.000	0.000	0.002
1530.000	0.000	0.000	0.002
1540.000	0.000	0.000	0.003
1550.000	0.000	0.000	0.004
1560.000	0.000	0.000	0.002
1570.000	0.000	0.000	0.002
1580.000	0.000	0.000	0.006
1590.000	0.000	0.000	0.004
1600.000	0.000	0.000	0.001
1610.000	0.000	0.000	0.004
1620.000	0.000	0.000	0.006
1630.000	0.000	0.000	0.007
1640.000	0.000	0.000	0.001
1650.000	0.000	0.000	0.004
1660.000	0.000	0.000	0.004
1670.000	0.000	0.000	0.006
1680.000	0.000	0.000	0.001
1690.000	0.000	0.000	0.002
1700.000	0.000	0.000	0.004
1710.000	0.000	0.000	0.003
1720.000	0.000	0.000	0.002
1730.000	0.000	0.000	-0.000
1740.000	0.000	0.000	0.003
1750.000	0.000	0.000	0.003
1760.000	0.000	0.000	0.001
1770.000	0.000	0.000	0.001
1780.000	0.000	0.000	0.003
1790.000	0.000	0.000	0.006
1800.000	0.000	0.000	0.003
1810.000	0.000	0.000	0.002
1820.000	0.000	0.000	0.002
1830.000	0.000	0.000	0.004
1840.000	0.000	0.000	0.003
1850.000	0.000	0.000	0.001
1860.000	0.000	0.000	0.001
1870.000	0.000	0.000	0.006
1880.000	0.000	0.000	0.006
1890.000	0.000	0.000	0.002
1900.000	0.000	0.000	0.003
1910.000	0.000	0.000	0.007
1920.000	0.000	0.000	0.003
1930.000	0.000	0.000	0.002
1940.000	0.000	0.000	0.003
1950.000	0.000	0.000	0.004
1960.000	0.000	0.000	0.003
1970.000	0.000	0.000	0.003
1980.000	0.000	0.000	0.003
1990.000	0.000	0.000	0.004
2000.000	0.000	0.000	0.006
2010.000	0.000	0.000	0.001
2020.000	0.000	0.000	0.003
2030.000	0.000	0.000	0.006
2040.000	0.000	0.000	0.004
2050.000	0.000	0.000	0.004
2060.000	0.000	0.000	0.002
2070.000	0.000	0.000	0.001
2080.000	0.000	0.000	0.003
2090.000	0.000	0.000	0.002
2100.000	0.000	0.000	0.001
2110.000	0.000	0.000	0.003
2120.000	0.000	0.000	0.003
2130.000	0.000	0.000	0.003
2140.000	0.000	0.000	0.001
2150.000	0.000	0.000	0.002
2160.000	0.000	0.000	0.006
2170.000	0.000	0.000	0.003
2180.000	0.000	0.000	0.001
2190.000	0.000	0.000	0.001
2200.000	0.000	0.000	0.006
2210.000	0.000	0.000	0.004
2220.000	0.000	0.000	0.004
2230.000	0.000	0.000	0.004
2240.000	0.000	0.000	0.007
2250.000	0.000	0.000	0.006
2260.000	0.000	0.000	0.001
2270.000	0.000	0.000	-0.000
2280.000	0.000	0.000	0.002
2290.000	0.000	0.000	0.004
2300.000	0.000	0.000	0.001
2310.000	0.000	0.000	0.004
2320.000	0.000	0.000	0.004
2330.000	0.000	0.000	0.004
2340.000	0.000	0.000	0.002
2350.000	0.000	0.000	0.003
2360.000	0.000	0.000	0.003
2370.000	0.000	0.000	0.006
2380.000	0.000	0.000	0.002
2390.000	0.000	0.000	0.003
2400.000	0.000	0.000	0.002
2410.000	0.000	0.000	0.003
2420.000	0.000	0.000	0.006
2430.000	0.000	0.000	0.002
2440.000	0.000	0.000	0.001
2450.000	0.000	0.000	0.006
2460.000	0.000	0.000	0.003
2470.000	0.000	0.000	0.003
2480.000	0.000	0.000	0.002
2490.000	0.000	0.000	0.007
2500.000	0.000	0.000	0.004
2510.000	0.000	0.000	0.002
2520.000	0.000	0.000	-0.000
2530.000	0.000	0.000	0.001
2540.000	0.000	0.000	0.003
2550.000	0.000	0.000	0.002
2560.000	0.000	0.000	0.001
2570.000	0.000	0.000	0.003
2580.000	0.000	0.000	0.007
2590.000	0.000	0.000	0.003
2600.000	0.000	0.000	0.003
2610.000	0.000	0.000	0.002
2620.000	0.000	0.000	0.004
2630.000	0.000	0.000	0.006
2640.000	0.000	0.000	0.001
2650.000	0.000	0.000	0.003
2660.000	0.000	0.000	0.006
2670.000	0.000	0.000	0.006
2680.000	0.000	0.000	0.001
2690.000	0.000	0.000	0.003
2700.000	0.000	0.000	0.003
2710.000	0.000	0.000	0.004
2720.000	0.000	0.000	0.003
2730.000	0.000	0.000	0.002
2740.000	0.000	0.000	0.007
2750.000	0.000	0.000	0.004
2760.000	0.000	0.000	0.001
2770.000	0.000	0.000	0.002
2780.000	0.000	0.000	0.006
2790.000	0.000	0.000	0.003
2800.000	0.000	0.000	0.003
2810.000	0.000	0.000	0.003
2820.000	0.000	0.000	0.004
2830.000	0.000	0.000	0.006
2840.000	0.000	0.000	0.002
2850.000	0.000	0.000	0.001
2860.000	0.000	0.000	0.003
2870.000	0.000	0.000	0.006
2880.000	0.000	0.000	0.002
2890.000	0.000	0.000	0.003
2900.000	0.000	0.000	0.001
2910.000	0.000	0.000	0.003
2920.000	0.000	0.000	0.003
2930.000	0.000	0.000	0.003
2940.000	0.000	0.000	0.001
2950.000	0.000	0.000	0.004
2960.000	0.000	0.000	0.006
2970.000	0.000	0.000	0.004
2980.000	0.000	0.000	0.003
2990.000	0.000	0.000	0.006
3000.000	0.000	0.000	0.003
3010.000	0.000	0.000	0.001
3020.000	0.000	0.000	0.003
3030.000	0.000	0.000	0.004
3040.000	0.000	0.000	0.004
3050.000	0.000	0.000	0.003
3060.000	0.000	0.000	0.003
3070.000	0.000	0.000	0.003
3080.000	0.000	0.000	0.003
3090.000	0.000	0.000	0.002
3100.000	0.000	0.000	0.002
3110.000	0.000	0.000	0.003
3120.000	0.000	0.000	0.008
3130.000	0.000	0.000	0.004
3140.000	0.000	0.000	0.003
3150.000	0.000	0.000	0.001
3160.000	0.000	0.000	0.004
3170.000	0.000	0.000	0.003
3180.000	0.000	0.000	0.003
3190.000	0.000	0.000	0.003
3200.000	0.000	0.000	0.004
3210.000	0.000	0.000	0.004
3220.000	0.000	0.000	0.002
3230.000	0.000	0.000	0.003
3240.000	0.000	0.000	0.006
3250.000	0.000	0.000	0.003
3260.000	0.000	0.000	0.003
3270.000	0.000	0.000	0.003
3280.000	0.000	0.000	0.006
3290.000	0.000	0.000	0.006
3300.000	0.000	0.000	0.003
3310.000	0.000	0.000	0.001
3320.000	0.000	0.000	0.001
3330.000	0.000	0.000	0.006
3340.000	0.000	0.000	0.001
3350.000	0.000	0.000	0.001
3360.000	0.000	0.000	0.001
3370.000	0.000	0.000	0.004
3380.000	0.000	0.000	0.007
3390.000	0.000	0.000	0.001
3400.000	0.000	0.000	0.004
3410.000	0.000	0.000	0.006
3420.000	0.000	0.000	0.006
3430.000	0.000	0.000	0.003
3440.000	0.000	0.000	0.003
3450.000	0.000	0.000	0.003
3460.000	0.000	0.000	0.003
3470.000	0.000	0.000	0.001
3480.000	0.000	0.000	0.001
3490.000	0.000	0.000	-0.000
3500.000	0.000	0.000	0.003
3510.000	0.000	0.000	0.003
3520.000	0.000	0.000	0.003
3530.000	0.000	0.000	0.003
3540.000	0.000	0.000	0.004
3550.000	0.000	0.000	0.004
3560.000	0.000	0.000	0.002
3570.000	0.000	0.000	0.002
3580.000	0.000	0.000	0.006
3590.000	0.000	0.000	0.003
3600.000	0.000	0.000	0.004
3610.000	0.000	0.000	0.003
3620.000	0.000	0.000	0.004
3630.000	0.000	0.000	0.004
3640.000	0.000	0.000	0.001
3650.000	0.000	0.000	0.003
3660.000	0.000	0.000	0.002
3670.000	0.000	0.000	0.003
3680.000	0.000	0.000	0.001
3690.000	0.000	0.000	0.003
3700.000	0.000	0.000	0.002
3710.000	0.000	0.000	0.004
3720.000	0.000	0.000	0.001
3730.000	0.000	0.000	0.002
3740.000	0.000	0.000	0.002
3750.000	0.000	0.000	0.004
3760.000	0.000	0.000	0.004
3770.000	0.000	0.000	0.002
3780.000	0.000	0.000	0.003
3790.000	0.000	0.000	0.003
3800.000	0.000	0.000	0.008
3810.000	0.000	0.000	0.002
3820.000	0.000	0.000	0.003
3830.000	0.000	0.000	0.006
3840.000	0.000	0.000	0.007
3850.000	0.000	0.000	0.002
3860.000	0.000	0.000	0.003
3870.000	0.000	0.000	0.004
3880.000	0.000	0.000	0.004
3890.000	0.000	0.000	0.003
3900.000	0.000	0.000	0.002
3910.000	0.000	0.000	0.002
3920.000	0.000	0.000	0.003
3930.000	0.000	0.000	0.006
3940.000	0.000	0.000	0.001
3950.000	0.000	0.000	0.001
3960.000	0.000	0.000	0.006
3970.000	0.000	0.000	0.004
3980.000	0.000	0.000	0.002
3990.000	0.000	0.000	0.003
4000.000	0.000	0.000	0.004
4010.000	0.000	0.000	0.006
4020.000	0.000	0.000	0.003
4030.000	0.000	0.000	0.002
4040.000	0.000	0.000	0.006
4050.000	0.000	0.000	0.003
4060.000	0.000	0.000	0.001
4070.000	0.000	0.000	0.001
4080.000	0.000	0.000	0.004
4090.000	0.000	0.000	0.004
4100.000	0.000	0.000	0.003
4110.000	0.000	0.000	0.003
4120.000	0.000	0.000	0.002
4130.000	0.000	0.000	0.004
4140.000	0.000	0.000	0.001
4150.000	0.000	0.000	0.003
4160.000	0.000	0.000	0.001
4170.000	0.000	0.000	0.007
4180.000	0.000	0.000	0.006
4190.000	0.000	0.000	0.001
4200.000	0.000	0.000	0.003
4210.000	0.000	0.000	0.003
4220.000	0.000	0.000	0.003
4230.000	0.000	0.000	0.003
4240.000	0.000	0.000	0.002
4250.000	0.000	0.000	0.001
4260.000	0.000	0.000	0.004
4270.000	0.000	0.000	0.006
4280.000	0.000	0.000	0.001
4290.000	0.000	0.000	0.001
4300.000	0.000	0.000	0.006
4310.000	0.000	0.000	0.003
4320.000	0.000	0.000	0.002
4330.000	0.000	0.000	0.001
4340.000	0.000	0.000	0.003
4350.000	0.000	0.000	0.006
4360.000	0.000	0.000	0.003
4370.000	0.000	0.000	0.003
4380.000	0.000	0.000	0.006
4390.000	0.000	0.000	0.003
4400.000	0.000	0.000	0.001
4410.000	0.000	0.000	0.001
4420.000	0.000	0.000	0.003
4430.000	0.000	0.000	0.007
4440.000	0.000	0.000	0.002
4450.000	0.000	0.000	0.003
4460.000	0.000	0.000	0.004
4470.000	0.000	0.000	0.001
4480.000	0.000	0.000	0.001
4490.000	0.000	0.000	0.004
4500.000	0.000	0.000	0.002
4510.000	0.000	0.000	0.003
4520.000	0.000	0.000	0.002
4530.000	0.000	0.000	0.003
4540.000	0.000	0.000	0.006
4550.000	0.000	0.000	0.001
4560.000	0.000	0.000	0.002
4570.000	0.000	0.000	0.004
4580.000	0.000	0.000	0.003
4590.000	0.000	0.000	0.006
4600.000	0.000	0.000	0.003
4610.000	0.000	0.000	0.003
4620.000	0.000	0.000	0.006
4630.000	0.000	0.000	0.003
4640.000	0.000	0.000	0.004
4650.000	0.000	0.000	0.006
4660.000	0.000	0.000	0.002
4670.000	0.000	0.000	0.003
4680.000	0.000	0.000	0.003
4690.000	0.000	0.000	0.003
4700.000	0.000	0.000	0.007
4710.000	0.000	0.000	0.002
4720.000	0.000	0.000	0.002
4730.000	0.000	0.000	0.002
4740.000	0.000	0.000	0.003
4750.000	0.000	0.000	0.002
4760.000	0.000	0.000	0.003
4770.000	0.000	0.000	0.002
4780.000	0.000	0.000	0.006
4790.000	0.000	0.000	0.002
4800.000	0.000	0.000	0.004
4810.000	0.000	0.000	0.004
4820.000	0.000	0.000	0.003
4830.000	0.000	0.000	0.002
4840.000	0.000	0.000	0.004
4850.000	0.000	0.000	0.001
4860.000	0.000	0.000	0.004
4870.000	0.000	0.000	0.002
4880.000	0.000	0.000	0.004
4890.000	0.000	0.000	0.004
4900.000	0.000	0.000	0.001
4910.000	0.000	0.000	0.003
4920.000	0.000	0.000	0.004
4930.000	0.000	0.000	0.003
4940.000	0.000	0.000	0.001
4950.000	0.000	0.000	0.003
4960.000	0.000	0.000	0.003
4970.000	0.000	0.000	0.007
4980.000	0.000	0.000	0.002
4990.000	0.000	0.000	0.002
5000.000	0.000	0.000	0.004
5010.000	0.000	0.000	0.001
5020.000	0.000	0.000	0.003
5030.000	0.000	0.000	0.001
5040.000	0.000	0.000	0.003
5050.000	0.000	0.000	0.003
5060.000	0.000	0.000	0.004
5070.000	0.000	0.000	0.003
5080.000	0.000	0.000	0.003
5090.000	0.000	0.000	0.002
5100.000	0.000	0.000	0.002
5110.000	0.000	0.000	0.001
5120.000	0.000	0.000	0.002
5130.000	0.000	0.000	0.004
5140.000	0.000	0.000	0.002
5150.000	0.000	0.000	0.003
5160.000	0.000	0.000	0.004
5170.000	0.000	0.000	0.002
5180.000	0.000	0.000	0.002
5190.000	0.000	0.000	0.003
5200.000	0.000	0.000	0.004
5210.000	0.000	0.000	0.004
5220.000	0.000	0.000	0.006
5230.000	0.000	0.000	0.001
5240.000	0.000	0.000	0.006
5250.000	0.000	0.000	0.004
5260.000	0.000	0.000	0.003
5270.000	0.000	0.000	0.006
5280.000	0.000	0.000	0.002
5290.000	0.000	0.000	0.001
5300.000	0.000	0.000	0.001
5310.000	0.000	0.000	0.003
5320.000	0.000	0.000	0.002
5330.000	0.000	0.000	0.002
5340.000	0.000	0.000	0.002
5350.000	0.000	0.000	0.004
5360.000	0.000	0.000	0.001
5370.000	0.000	0.000	0.003
5380.000	0.000	0.000	0.007
5390.000	0.000	0.000	0.001
5400.000	0.000	0.000	0.002
5410.000	0.000	0.000	0.001
5420.000	0.000	0.000	0.002
5430.000	0.000	0.000	0.003
5440.000	0.000	0.000	0.002
5450.000	0.000	0.000	0.002
5460.000	0.000	0.000	0.001
5470.000	0.000	0.000	0.003
5480.000	0.000	0.000	0.003
5490.000	0.000	0.000	0.001
5500.000	0.000	0.000	0.002
5510.000	0.000	0.000	0.007
5520.000	0.000	0.000	0.004
5530.000	0.000	0.000	0.003
5540.000	0.000	0.000	0.004
5550.000	0.000	0.000	0.003
5560.000	0.000	0.000	0.002
5570.000	0.000	0.000	0.002
5580.000	0.000	0.000	0.001
5590.000	0.000	0.000	0.001
5600.000	0.000	0.000	0.002
5610.000	0.000	0.000	0.002
5620.000	0.000	0.000	0.004
5630.000	0.000	0.000	0.001
5640.000	0.000	0.000	0.002
5650.000	0.000	0.000	0.004
5660.000	0.000	0.000	0.001
5670.000	0.000	0.000	0.002
5680.000	0.000	0.000	0.003
5690.000	0.000	0.000	0.003
5700.000	0.000	0.000	0.006
5710.000	0.000	0.000	0.007
5720.000	0.000	0.000	0.003
5730.000	0.000	0.000	0.006
5740.000	0.000	0.000	0.002
5750.000	0.000	0.000	0.003
5760.000	0.000	0.000	0.004
5770.000	0.000	0.000	0.003
5780.000	0.000	0.000	0.003
5790.000	0.000	0.000	0.006
5800.000	0.000	0.000	0.003
5810.000	0.000	0.000	0.003
5820.000	0.000	0.000	0.003
5830.000	0.000	0.000	0.002
5840.000	0.000	0.000	0.004
5850.000	0.000	0.000	0.002
5860.000	0.000	0.000	0.003
5870.000	0.000	0.000	0.003
5880.000	0.000	0.000	0.002
5890.000	0.000	0.000	0.002
5900.000	0.000	0.000	0.002
5910.000	0.000	0.000	-0.000
5920.000	0.000	0.000	0.003
5930.000	0.000	0.000	0.003
5940.000	0.000	0.000	0.002
5950.000	0.000	0.000	0.004
5960.000	0.000	0.000	0.003
5970.000	0.000	0.000	0.003
5980.000	0.000	0.000	0.006
5990.000	0.000	0.000	0.002
6000.000	0.000	0.000	0.003
6010.000	0.000	0.000	0.002
6020.000	0.000	0.000	0.003
6030.000	0.000	0.000	0.002
6040.000	0.000	0.000	0.003
6050.000	0.000	0.000	0.002
6060.000	0.000	0.000	0.003
6070.000	0.000	0.000	0.002
6080.000	0.000	0.000	0.002
6090.000	0.000	0.000	0.004
6100.000	0.000	0.000	0.002
6110.000	0.000	0.000	0.004
6120.000	0.000	0.000	0.002
6130.000	0.000	0.000	0.003
6140.000	0.000	0.000	0.006
6150.000	0.000	0.000	0.001
6160.000	0.000	0.000	0.001
6170.000	0.000	0.000	0.003
6180.000	0.000	0.000	0.003
6190.000	0.000	0.000	0.003
6200.000	0.000	0.000	0.001
6210.000	0.000	0.000	-0.000
6220.000	0.000	0.000	0.004
6230.000	0.000	0.000	0.001
6240.000	0.000	0.000	0.001
6250.000	0.000	0.000	0.007
6260.000	0.000	0.000	0.002
6270.000	0.000	0.000	0.002
6280.000	0.000	0.000	0.001
6290.000	0.000	0.000	0.001
6300.000	0.000	0.000	0.002
6310.000	0.000	0.000	0.001
6320.000	0.000	0.000	0.001
6330.000	0.000	0.000	0.006
6340.000	0.000	0.000	0.001
6350.000	0.000	0.000	0.002
6360.000	0.000	0.000	0.004
6370.000	0.000	0.000	0.001
6380.000	0.000	0.000	0.002
6390.000	0.000	0.000	0.004
6400.000	0.000	0.000	0.003
6410.000	0.000	0.000	0.004
6420.000	0.000	0.000	0.006
6430.000	0.000	0.000	0.003
6440.000	0.000	0.000	0.006
6450.000	0.000	0.000	0.001
6460.000	0.000	0.000	0.002
6470.000	0.000	0.000	0.004
6480.000	0.000	0.000	0.002
6490.000	0.000	0.000	0.002
6500.000	0.000	0.000	0.003
6510.000	0.000	0.000	0.003
6520.000	0.000	0.000	0.006
6530.000	0.000	0.000	0.007
6540.000	0.000	0.000	0.003
6550.000	0.000	0.000	0.004
6560.000	0.000	0.000	0.001
6570.000	0.000	0.000	0.003
6580.000	0.000	0.000	0.002
6590.000	0.000	0.000	0.004
6600.000	0.000	0.000	0.004
6610.000	0.000	0.000	0.004
6620.000	0.000	0.000	0.003
6630.000	0.000	0.000	0.006
6640.000	0.000	0.000	0.001
6650.000	0.000	0.000	0.002
6660.000	0.000	0.000	0.004
6670.000	0.000	0.000	0.002
6680.000	0.000	0.000	0.002
6690.000	0.000	0.000	0.006
6700.000	0.000	0.000	0.001
6710.000	0.000	0.000	0.001
6720.000	0.000	0.000	0.003
6730.000	0.000	0.000	0.007
6740.000	0.000	0.000	0.007
6750.000	0.000	0.000	0.002
6760.000	0.000	0.000	0.007
6770.000	0.000	0.000	0.007
6780.000	0.000	0.000	0.002
6790.000	0.000	0.000	0.001
6800.000	0.000	0.000	0.003
6810.000	0.000	0.000	0.002
6820.000	0.000	0.000	0.001
6830.000	0.000	0.000	0.006
6840.000	0.000	0.000	0.001
6850.000	0.000	0.000	0.003
6860.000	0.000	0.000	0.006
6870.000	0.000	0.000	0.002
6880.000	0.000	0.000	0.007
6890.000	0.000	0.000	0.001
6900.000	0.000	0.000	0.002
6910.000	0.000	0.000	0.004
6920.000	0.000	0.000	0.003
6930.000	0.000	0.000	0.002
6940.000	0.000	0.000	0.006
6950.000	0.000	0.000	0.003
6960.000	0.000	0.000	0.001
6970.000	0.000	0.000	0.002
6980.000	0.000	0.000	0.002
6990.000	0.000	0.000	0.006
7000.000	0.000	0.000	-0.000
7010.000	0.000	0.000	0.003
7020.000	0.000	0.000	0.003
20.000	10.000	0.000	0.002
30.000	10.000	0.000	0.004
40.000	10.000	0.000	0.004
50.000	10.000	0.000	0.002
60.000	10.000	0.000	0.002
70.000	10.000	0.000	0.004
80.000	10.000	0.000	0.004
90.000	10.000	0.000	0.002
100.000	10.000	0.000	0.002
110.000	10.000	0.000	0.003
120.000	10.000	0.000	0.001
130.000	10.000	0.000	0.003
140.000	10.000	0.000	0.006
150.000	10.000	0.000	0.004
160.000	10.000	0.000	0.003
170.000	10.000	0.000	0.003
180.000	10.000	0.000	0.002
190.000	10.000	0.000	0.002
200.000	10.000	0.000	0.006
210.000	10.000	0.000	0.006
220.000	10.000	0.000	0.003
230.000	10.000	0.000	0.004
240.000	10.000	0.000	0.004
250.000	10.000	0.000	0.001
260.000	10.000	0.000	0.004
270.000	10.000	0.000	0.004
280.000	10.000	0.000	0.004
290.000	10.000	0.000	0.004
300.000	10.000	0.000	0.004
310.000	10.000	0.000	0.002
320.000	10.000	0.000	0.004
330.000	10.000	0.000	0.003
340.000	10.000	0.000	0.001
350.000	10.000	0.000	0.001
360.000	10.000	0.000	0.003
370.000	10.000	0.000	0.002
380.000	10.000	0.000	0.002
390.000	10.000	0.000	0.003
400.000	10.000	0.000	0.003
410.000	10.000	0.000	0.004
420.000	10.000	0.000	0.006
430.000	10.000	0.000	0.002
440.000	10.000	0.000	0.001
450.000	10.000	0.000	0.004
460.000	10.000	0.000	0.003
470.000	10.000	0.000	0.003
480.000	10.000	0.000	0.003
490.000	10.000	0.000	0.003
500.000	10.000	0.000	0.004
510.000	10.000	0.000	0.001
520.000	10.000	0.000	0.002
530.000	10.000	0.000	0.002
540.000	10.000	0.000	0.001
550.000	10.000	0.000	0.001
560.000	10.000	0.000	0.003
570.000	10.000	0.000	0.003
580.000	10.000	0.000	0.004
590.000	10.000	0.000	0.002
600.000	10.000	0.000	0.002
610.000	10.000	0.000	0.001
620.000	10.000	0.000	0.003
630.000	10.000	0.000	0.003
640.000	10.000	0.000	0.003
650.000	10.000	0.000	0.002
660.000	10.000	0.000	0.004
670.000	10.000	0.000	0.002
680.000	10.000	0.000	0.003
690.000	10.000	0.000	0.003
700.000	10.000	0.000	0.001
710.000	10.000	0.000	0.001
720.000	10.000	0.000	0.001
730.000	10.000	0.000	0.004
740.000	10.000	0.000	0.001
750.000	10.000	0.000	0.001
760.000	10.000	0.000	0.004
770.000	10.000	0.000	0.002
780.000	10.000	0.000	0.002
790.000	10.000	0.000	0.002
800.000	10.000	0.000	0.003
810.000	10.000	0.000	0.003
820.000	10.000	0.000	0.003
830.000	10.000	0.000	0.002
840.000	10.000	0.000	0.002
850.000	10.000	0.000	0.002
860.000	10.000	0.000	0.002
870.000	10.000	0.000	0.001
880.000	10.000	0.000	0.001
890.000	10.000	0.000	0.003
900.000	10.000	0.000	0.001
910.000	10.000	0.000	0.001
920.000	10.000	0.000	0.002
930.000	10.000	0.000	0.002
940.000	10.000	0.000	0.002
950.000	10.000	0.000	0.004
960.000	10.000	0.000	0.004
970.000	10.000	0.000	0.002
980.000	10.000	0.000	0.002
990.000	10.000	0.000	0.002
1000.000	10.000	0.000	0.001
1010.000	10.000	0.000	0.004
1020.000	10.000	0.000	0.004
1030.000	10.000	0.000	0.001
1040.000	10.000	0.000	0.140
1050.000	10.000	0.000	0.140
1060.000	10.000	-0.073	0.211
1070.000	10.000	-0.146	0.295
1080.000	10.000	-0.146	0.295
1090.000	10.000	-0.146	0.325
1100.000	10.000	-0.293	0.355
1110.000	10.000	-0.293	0.355
1120.000	10.000	-0.439	0.366
1130.000	10.000	-0.659	0.380
1140.000	10.000	-0.659	0.380
1150.000	10.000	-0.879	0.385
1160.000	10.000	-1.245	0.391
1170.000	10.000	-1.245	0.391
1180.000	10.000	-1.685	0.394
1190.000	10.000	-1.685	0.394
1200.000	10.000	-1.831	0.391
1210.000	10.000	-1.978	0.394
1220.000	10.000	-2.124	0.397
1230.000	10.000	-2.344	0.395
1240.000	10.000	-2.490	0.396
1250.000	10.000	-2.783	0.396
1260.000	10.000	-3.003	0.395
1270.000	10.000	-3.076	0.394
1280.000	10.000	-3.076	0.397
1290.000	10.000	-3.149	0.395
1300.000	10.000	-3.369	0.394
1310.000	10.000	-3.589	0.399
1320.000	10.000	-3.882	0.396
1330.000	10.000	-4.028	0.395
1340.000	10.000	-4.175	0.394
1350.000	10.000	-4.175	0.394
1360.000	10.000	-4.468	0.400
1370.000	10.000	-4.834	0.395
1380.000	10.000	-4.834	0.395
1390.000	10.000	-4.980	0.396
1400.000	10.000	-5.127	0.397
1410.000	10.000	-5.420	0.396
1420.000	10.000	-5.273	0.395
1430.000	10.000	-5.420	0.394
1440.000	10.000	-5.786	0.394
1450.000	10.000	-5.933	0.396
1460.000	10.000	-5.713	0.396
1470.000	10.000	-5.786	0.399
1480.000	10.000	-6.152	0.397
1490.000	10.000	-6.372	0.397
1500.000	10.000	-6.519	0.395
1510.000	10.000	-6.738	0.399
1520.000	10.000	-6.958	0.399
1530.000	10.000	-6.958	0.394
1540.000	10.000	-7.031	0.397
1550.000	10.000	-7.178	0.397
1560.000	10.000	-7.397	0.400
1570.000	10.000	-7.910	0.399
1580.000	10.000	-7.837	0.394
1590.000	10.000	-7.910	0.396
1600.000	10.000	-8.276	0.400
1610.000	10.000	-8.130	0.397
1620.000	10.000	-8.716	0.394
1630.000	10.000	-8.936	0.399
1640.000	10.000	-8.862	0.394
1650.000	10.000	-9.155	0.394
1660.000	10.000	-9.302	0.397
1670.000	10.000	-9.448	0.394
1680.000	10.000	-9.595	0.395
1690.000	10.000	-9.814	0.395
1700.000	10.000	-9.814	0.395
1710.000	10.000	-10.327	0.399
1720.000	10.000	-10.107	0.399
1730.000	10.000	-10.107	0.395
1740.000	10.000	-10.547	0.394
1750.000	10.000	-10.547	0.397
1760.000	10.000	-10.986	0.396
1770.000	10.000	-10.620	0.394
1780.000	10.000	-10.986	0.394
1790.000	10.000	-11.133	0.395
1800.000	10.000	-11.499	0.395
1810.000	10.000	-11.133	0.397
1820.000	10.000	-11.426	0.397
1830.000	10.000	-11.865	0.393
1840.000	10.000	-11.938	0.396
1850.000	10.000	-11.938	0.395
1860.000	10.000	-12.012	0.395
1870.000	10.000	-12.744	0.397
1880.000	10.000	-12.598	0.396
1890.000	10.000	-12.817	0.395
1900.000	10.000	-12.671	0.395
1910.000	10.000	-13.257	0.395
1920.000	10.000	-13.403	0.394
1930.000	10.000	-13.403	0.397
1940.000	10.000	-13.770	0.396
1950.000	10.000	-13.770	0.399
1960.000	10.000	-13.916	0.400
1970.000	10.000	-13.916	0.394
1980.000	10.000	-14.136	0.394
1990.000	10.000	-14.282	0.395
2000.000	10.000	-14.722	0.394
2010.000	10.000	-14.429	0.396
2020.000	10.000	-14.575	0.399
2030.000	10.000	-14.868	0.396
2040.000	10.000	-14.722	0.394
2050.000	10.000	-15.234	0.397
2060.000	10.000	-15.234	0.399
2070.000	10.000	-15.234	0.399
2080.000	10.000	-15.601	0.396
2090.000	10.000	-15.601	0.394
2100.000	10.000	-15.601	0.394
2110.000	10.000	-16.113	0.397
2120.000	10.000	-16.406	0.394
2130.000	10.000	-16.406	0.394
2140.000	10.000	-16.553	0.397
2150.000	10.000	-16.846	0.395
2160.000	10.000	-16.992	0.397
2170.000	10.000	-17.358	0.399
2180.000	10.000	-17.212	0.394
2190.000	10.000	-17.358	0.394
2200.000	10.000	-17.871	0.399
2210.000	10.000	-17.871	0.395
2220.000	10.000	-17.871	0.399
2230.000	10.000	-18.164	0.397
2240.000	10.000	-18.311	0.399
2250.000	10.000	-18.530	0.399
2260.000	10.000	-18.530	0.396
2270.000	10.000	-18.750	0.399
2280.000	10.000	-18.970	0.397
2290.000	10.000	-19.043	0.397
2300.000	10.000	-19.116	0.397
2310.000	10.000	-19.336	0.396
2320.000	10.000	-19.556	0.400
2330.000	10.000	-19.629	0.396
2340.000	10.000	-19.922	0.397
2350.000	10.000	-19.702	0.399
2360.000	10.000	-20.068	0.396
2370.000	10.000	-20.068	0.394
2380.000	10.000	-20.361	0.397
2390.000	10.000	-20.654	0.397
2400.000	10.000	-20.728	0.396
2410.000	10.000	-21.094	0.399
2420.000	10.000	-20.874	0.397
2430.000	10.000	-21.387	0.399
2440.000	10.000	-21.240	0.396
2450.000	10.000	-21.680	0.395
2460.000	10.000	-21.606	0.400
2470.000	10.000	-21.826	0.396
2480.000	10.000	-21.899	0.396
2490.000	10.000	-22.046	0.397
2500.000	10.000	-22.119	0.397
2510.000	10.000	-21.973	0.395
2520.000	10.000	-22.412	0.395
2530.000	10.000	-22.412	0.397
2540.000	10.000	-22.705	0.396
2550.000	10.000	-22.778	0.394
2560.000	10.000	-22.998	0.399
2570.000	10.000	-23.218	0.397
2580.000	10.000	-23.511	0.397
2590.000	10.000	-23.657	0.397
2600.000	10.000	-24.316	0.396
2610.000	10.000	-24.316	0.396
2620.000	10.000	-24.170	0.400
2630.000	10.000	-24.609	0.394
2640.000	10.000	-24.902	0.396
2650.000	10.000	-24.902	0.396
2660.000	10.000	-24.976	0.395
2670.000	10.000	-24.976	0.395
2680.000	10.000	-25.122	0.397
2690.000	10.000	-25.342	0.394
2700.000	10.000	-25.342	0.394
2710.000	10.000	-25.195	0.400
2720.000	10.000	-25.635	0.395
2730.000	10.000	-25.635	0.395
2740.000	10.000	-26.074	0.396
2750.000	10.000	-26.221	0.395
2760.000	10.000	-26.221	0.395
2770.000	10.000	-26.294	0.395
2780.000	10.000	-26.953	0.394
2790.000	10.000	-26.953	0.394
2800.000	10.000	-26.880	0.400
2810.000	10.000	-26.880	0.396
2820.000	10.000	-26.880	0.396
2830.000	10.000	-27.100	0.396
2840.000	10.000	-27.539	0.396
2850.000	10.000	-27.539	0.396
2860.000	10.000	-27.759	0.394
2870.000	10.000	-27.905	0.394
2880.000	10.000	-27.905	0.394
2890.000	10.000	-28.052	0.399
2900.000	10.000	-28.271	0.394
2910.000	10.000	-28.271	0.394
2920.000	10.000	-28.491	0.399
2930.000	10.000	-28.784	0.394
2940.000	10.000	-28.784	0.394
2950.000	10.000	-28.857	0.399
2960.000	10.000	-29.443	0.395
2970.000	10.000	-29.443	0.395
2980.000	10.000	-29.517	0.397
2990.000	10.000	-29.443	0.396
3000.000	10.000	-29.443	0.396
3010.000	10.000	-29.663	0.396
3020.000	10.000	-29.956	0.393
3030.000	10.000	-29.956	0.393
3040.000	10.000	-29.883	0.397
3050.000	10.000	-30.469	0.397
3060.000	10.000	-30.469	0.397
3070.000	10.000	-30.396	0.397
3080.000	10.000	-30.762	0.397
3090.000	10.000	-30.688	0.395
3100.000	10.000	-30.981	0.397
3110.000	10.000	-31.128	0.394
3120.000	10.000	-31.201	0.394
3130.000	10.000	-31.494	0.396
3140.000	10.000	-31.641	0.399
3150.000	10.000	-31.567	0.396
3160.000	10.000	-31.860	0.397
3170.000	10.000	-31.934	0.395
3180.000	10.000	-31.934	0.395
3190.000	10.000	-32.153	0.396
3200.000	10.000	-32.446	0.394
3210.000	10.000	-32.446	0.394
3220.000	10.000	-32.300	0.397
3230.000	10.000	-32.593	0.399
3240.000	10.000	-32.812	0.396
3250.000	10.000	-33.105	0.395
3260.000	10.000	-33.105	0.400
3270.000	10.000	-33.325	0.393
3280.000	10.000	-33.545	0.397
3290.000	10.000	-33.545	0.399
3300.000	10.000	-33.984	0.399
3310.000	10.000	-33.691	0.395
3320.000	10.000	-34.277	0.397
3330.000	10.000	-34.131	0.394
3340.000	10.000	-34.131	0.397
3350.000	10.000	-34.058	0.399
3360.000	10.000	-34.644	0.394
3370.000	10.000	-34.424	0.399
3380.000	10.000	-34.424	0.396
3390.000	10.000	-34.937	0.395
3400.000	10.000	-35.010	0.396
3410.000	10.000	-35.010	0.399
3420.000	10.000	-35.156	0.395
3430.000	10.000	-35.229	0.396
3440.000	10.000	-35.669	0.399
3450.000	10.000	-35.669	0.397
3460.000	10.000	-35.522	0.396
3470.000	10.000	-35.889	0.397
3480.000	10.000	-36.255	0.396
3490.000	10.000	-36.401	0.397
3500.000	10.000	-36.108	0.396
3510.000	10.000	-36.768	0.400
3520.000	10.000	-36.548	0.397
3530.000	10.000	-36.987	0.397
3540.000	10.000	-37.134	0.394
3550.000	10.000	-37.061	0.399
3560.000	10.000	-37.354	0.397
3570.000	10.000	-37.573	0.397
3580.000	10.000	-37.427	0.397
3590.000	10.000	-37.646	0.399
3600.000	10.000	-37.939	0.400
3610.000	10.000	-37.793	0.395
3620.000	10.000	-38.232	0.400
3630.000	10.000	-38.086	0.397
3640.000	10.000	-38.159	0.395
3650.000	10.000	-38.672	0.396
3660.000	10.000	-38.745	0.396
3670.000	10.000	-38.892	0.394
3680.000	10.000	-39.404	0.397
3690.000	10.000	-38.892	0.396
3700.000	10.000	-39.258	0.397
3710.000	10.000	-39.697	0.396
3720.000	10.000	-39.844	0.396
3730.000	10.000	-39.917	0.393
3740.000	10.000	-39.844	0.397
3750.000	10.000	-40.137	0.397
3760.000	10.000	-39.917	0.396
3770.000	10.000	-40.210	0.397
3780.000	10.000	-40.356	0.396
3790.000	10.000	-40.942	0.395
3800.000	10.000	-41.089	0.397
3810.000	10.000	-40.796	0.397
3820.000	10.000	-40.869	0.396
3830.000	10.000	-41.309	0.395
3840.000	10.000	-41.675	0.397
3850.000	10.000	-41.528	0.399
3860.000	10.000	-41.895	0.395
3870.000	10.000	-42.114	0.399
3880.000	10.000	-41.968	0.394
3890.000	10.000	-42.261	0.399
3900.000	10.000	-42.554	0.396
3910.000	10.000	-42.920	0.397
3920.000	10.000	-42.773	0.397
3930.000	10.000	-42.920	0.396
3940.000	10.000	-42.773	0.397
3950.000	10.000	-43.213	0.397
3960.000	10.000	-43.652	0.397
3970.000	10.000	-43.652	0.396
3980.000	10.000	-43.652	0.396
3990.000	10.000	-43.726	0.400
4000.000	10.000	-43.579	0.395
4010.000	10.000	-43.652	0.396
4020.000	10.000	-44.312	0.397
4030.000	10.000	-44.385	0.396
4040.000	10.000	-44.751	0.396
4050.000	10.000	-44.897	0.395
4060.000	10.000	-44.824	0.397
4070.000	10.000	-45.044	0.393
4080.000	10.000	-45.483	0.397
4090.000	10.000	-45.557	0.396
4100.000	10.000	-45.923	0.396
4110.000	10.000	-46.216	0.397
4120.000	10.000	-46.143	0.399
4130.000	10.000	-46.289	0.399
4140.000	10.000	-46.436	0.397
4150.000	10.000	-46.436	0.399
4160.000	10.000	-46.655	0.397
4170.000	10.000	-46.802	0.395
4180.000	10.000	-46.729	0.401
4190.000	10.000	-46.875	0.393
4200.000	10.000	-47.095	0.396
4210.000	10.000	-47.021	0.401
4220.000	10.000	-47.241	0.394
4230.000	10.000	-47.388	0.394
4240.000	10.000	-47.388	0.397
4250.000	10.000	-47.607	0.396
4260.000	10.000	-47.827	0.395
4270.000	10.000	-47.900	0.399
4280.000	10.000	-48.193	0.395
4290.000	10.000	-48.486	0.395
4300.000	10.000	-48.486	0.397
4310.000	10.000	-48.779	0.394
4320.000	10.000	-48.999	0.396
4330.000	10.000	-49.146	0.396
4340.000	10.000	-49.292	0.397
4350.000	10.000	-49.585	0.394
4360.000	10.000	-49.585	0.396
4370.000	10.000	-50.024	0.395
4380.000	10.000	-50.024	0.394
4390.000	10.000	-50.024	0.391
4400.000	10.000	-50.024	0.391
4410.000	10.000	-50.391	0.396
4420.000	10.000	-50.317	0.399
4430.000	10.000	-50.464	0.396
4440.000	10.000	-50.757	0.395
4450.000	10.000	-50.684	0.395
4460.000	10.000	-50.903	0.397
4470.000	10.000	-51.050	0.395
4480.000	10.000	-51.196	0.396
4490.000	10.000	-51.343	0.393
4500.000	10.000	-51.709	0.396
4510.000	10.000	-51.416	0.395
4520.000	10.000	-51.709	0.396
4530.000	10.000	-52.075	0.396
4540.000	10.000	-51.929	0.399
4550.000	10.000	-52.075	0.396
4560.000	10.000	-52.515	0.396
4570.000	10.000	-52.368	0.396
4580.000	10.000	-52.222	0.399
4590.000	10.000	-52.295	0.395
4600.000	10.000	-52.222	0.399
4610.000	10.000	-52.734	0.396
4620.000	10.000	-53.027	0.396
4630.000	10.000	-52.881	0.396
4640.000	10.000	-53.467	0.399
4650.000	10.000	-53.467	0.395
4660.000	10.000	-53.027	0.394
4670.000	10.000	-53.101	0.396
4680.000	10.000	-53.760	0.396
4690.000	10.000	-53.906	0.395
4700.000	10.000	-54.272	0.393
4710.000	10.000	-54.346	0.395
4720.000	10.000	-53.906	0.397
4730.000	10.000	-54.053	0.394
4740.000	10.000	-54.199	0.399
4750.000	10.000	-54.346	0.396
4760.000	10.000	-54.932	0.396
4770.000	10.000	-55.151	0.393
4780.000	10.000	-54.785	0.395
4790.000	10.000	-55.151	0.396
4800.000	10.000	-55.225	0.396
4810.000	10.000	-55.371	0.399
4820.000	10.000	-55.811	0.399
4830.000	10.000	-55.957	0.395
4840.000	10.000	-55.811	0.394
4850.000	10.000	-56.030	0.396
4860.000	10.000	-56.177	0.399
4870.000	10.000	-56.104	0.393
4880.000	10.000	-56.250	0.393
4890.000	10.000	-56.689	0.396
4900.000	10.000	-56.909	0.396
4910.000	10.000	-56.689	0.396
4920.000	10.000	-56.689	0.396
4930.000	10.000	-56.982	0.395
4940.000	10.000	-57.202	0.397
4950.000	10.000	-57.642	0.399
4960.000	10.000	-57.275	0.396
4970.000	10.000	-57.568	0.395
4980.000	10.000	-58.154	0.399
4990.000	10.000	-58.081	0.397
5000.000	10.000	-58.154	0.395
5010.000	10.000	-58.081	0.397
5020.000	10.000	-58.594	0.399
5030.000	10.000	-58.887	0.396
5040.000	10.000	-58.887	0.397
5050.000	10.000	-58.813	0.395
5060.000	10.000	-59.180	0.396
5070.000	10.000	-59.619	0.395
5080.000	10.000	-59.180	0.397
5090.000	10.000	-59.180	0.394
5100.000	10.000	-60.205	0.397
5110.000	10.000	-59.912	0.397
5120.000	10.000	-60.205	0.394
5130.000	10.000	-60.059	0.395
5140.000	10.000	-60.278	0.396
5150.000	10.000	-60.278	0.394
5160.000	10.000	-60.791	0.396
5170.000	10.000	-60.791	0.397
5180.000	10.000	-61.230	0.395
5190.000	10.000	-61.450	0.396
5200.000	10.000	-61.157	0.397
5210.000	10.000	-61.377	0.396
5220.000	10.000	-61.816	0.390
5230.000	10.000	-62.109	0.397
5240.000	10.000	-62.036	0.394
5250.000	10.000	-62.476	0.397
5260.000	10.000	-62.476	0.394
5270.000	10.000	-62.402	0.394
5280.000	10.000	-62.622	0.396
5290.000	10.000	-62.769	0.397
5300.000	10.000	-62.769	0.396
5310.000	10.000	-63.428	0.395
5320.000	10.000	-63.062	0.399
5330.000	10.000	-63.208	0.395
5340.000	10.000	-63.794	0.395
5350.000	10.000	-63.501	0.400
5360.000	10.000	-63.574	0.397
5370.000	10.000	-64.307	0.395
5380.000	10.000	-64.233	0.396
5390.000	10.000	-64.233	0.395
5400.000	10.000	-64.673	0.394
5410.000	10.000	-64.526	0.393
5420.000	10.000	-64.893	0.395
5430.000	10.000	-64.966	0.394
5440.000	10.000	-64.893	0.395
5450.000	10.000	-65.259	0.396
5460.000	10.000	-65.479	0.396
5470.000	10.000	-65.259	0.394
5480.000	10.000	-65.405	0.396
5490.000	10.000	-65.845	0.393
5500.000	10.000	-65.479	0.393
5510.000	10.000	-65.625	0.394
5520.000	10.000	-66.064	0.395
5530.000	10.000	-65.991	0.394
5540.000	10.000	-66.138	0.396
5550.000	10.000	-66.284	0.397
5560.000	10.000	-66.211	0.399
5570.000	10.000	-66.284	0.396
5580.000	10.000	-66.724	0.397
5590.000	10.000	-66.577	0.394
5600.000	10.000	-66.870	0.394
5610.000	10.000	-67.310	0.399
5620.000	10.000	-66.797	0.395
5630.000	10.000	-67.090	0.393
5640.000	10.000	-67.383	0.397
5650.000	10.000	-67.383	0.396
5660.000	10.000	-67.529	0.395
5670.000	10.000	-67.749	0.396
5680.000	10.000	-67.822	0.395
5690.000	10.000	-67.749	0.394
5700.000	10.000	-68.335	0.399
5710.000	10.000	-67.822	0.395
5720.000	10.000	-68.335	0.391
5730.000	10.000	-68.408	0.395
5740.000	10.000	-68.335	0.397
5750.000	10.000	-68.555	0.396
5760.000	10.000	-68.994	0.399
5770.000	10.000	-68.701	0.397
5780.000	10.000	-68.701	0.395
5790.000	10.000	-69.214	0.396
5800.000	10.000	-68.921	0.397
5810.000	10.000	-69.360	0.395
5820.000	10.000	-69.507	0.397
5830.000	10.000	-69.580	0.396
5840.000	10.000	-70.166	0.393
5850.000	10.000	-70.093	0.394
5860.000	10.000	-69.800	0.396
5870.000	10.000	-70.239	0.394
5880.000	10.000	-70.825	0.397
5890.000	10.000	-70.459	0.399
5900.000	10.000	-70.752	0.397
5910.000	10.000	-71.118	0.395
5920.000	10.000	-71.045	0.394
5930.000	10.000	-71.265	0.396
5940.000	10.000	-71.338	0.394
5950.000	10.000	-71.484	0.400
5960.000	10.000	-71.924	0.395
5970.000	10.000	-72.144	0.397
5980.000	10.000	-71.777	0.397
5990.000	10.000	-72.070	0.394
6000.000	10.000	-72.363	0.396
6010.000	10.000	-72.363	0.396
6020.000	10.000	-72.363	0.397
6030.000	10.000	-72.876	0.395
6040.000	10.000	-72.363	0.396
6050.000	10.000	-72.949	0.336
6060.000	10.000	-73.022	0.244
6070.000	10.000	-72.876	0.180
6080.000	10.000	-73.096	0.134
6090.000	10.000	-73.682	0.097
6100.000	10.000	-73.608	0.072
6110.000	10.000	-73.389	0.059
6120.000	10.000	-73.755	0.042
6130.000	10.000	-73.242	0.029
6140.000	10.000	-73.535	0.024
6150.000	10.000	-73.682	0.018
6160.000	10.000	-73.242	0.015
6170.000	10.000	-73.535	0.010
6180.000	10.000	-73.535	0.010
6190.000	10.000	-73.389	0.007
6200.000	10.000	-73.022	0.008
6210.000	10.000	-73.535	0.007
6220.000	10.000	-73.242	0.002
6230.000	10.000	-73.315	0.004
6240.000	10.000	-73.608	0.003
6250.000	10.000	-73.022	0.004
6260.000	10.000	-73.535	0.006
6270.000	10.000	-73.462	0.004
6280.000	10.000	-73.462	0.001
6290.000	10.000	-73.096	0.001
6300.000	10.000	-73.389	0.004
6310.000	10.000	-72.876	0.001
6320.000	10.000	-72.876	-0.000
6330.000	10.000	-73.608	0.004
6340.000	10.000	-72.803	0.001
6350.000	10.000	-73.169	0.001
6360.000	10.000	-72.949	0.001
6370.000	10.000	-72.803	0.001
6380.000	10.000	-72.510	0.003
6390.000	10.000	-72.729	0.001
6400.000	10.000	-72.437	0.004
6410.000	10.000	-72.510	-0.002
6420.000	10.000	-72.656	0.001
6430.000	10.000	-71.704	0.004
6440.000	10.000	-72.144	0.001
6450.000	10.000	-72.290	0.001
6460.000	10.000	-72.217	0.003
6470.000	10.000	-71.851	0.003
6480.000	10.000	-72.363	0.002
6490.000	10.000	-71.851	0.002
6500.000	10.000	-72.070	0.002
6510.000	10.000	-71.997	0.003
6520.000	10.000	-71.777	0.003
6530.000	10.000	-71.777	0.002
6540.000	10.000	-71.924	0.001
6550.000	10.000	-71.338	0.003
6560.000	10.000	-71.191	0.003
6570.000	10.000	-71.558	0.003
6580.000	10.000	-71.045	0.002
6590.000	10.000	-71.338	0.006
6600.000	10.000	-71.265	-0.000
6610.000	10.000	-71.118	0.002
6620.000	10.000	-71.045	0.001
6630.000	10.000	-71.411	0.003
6640.000	10.000	-70.898	0.001
6650.000	10.000	-71.045	0.002
6660.000	10.000	-71.045	0.001
6670.000	10.000	-71.265	0.003
6680.000	10.000	-70.825	0.004
6690.000	10.000	-71.484	0.002
6700.000	10.000	-70.825	0.002
6710.000	10.000	-71.118	0.004
6720.000	10.000	-71.045	0.001
6730.000	10.000	-70.898	0.001
6740.000	10.000	-70.825	0.003
6750.000	10.000	-71.118	0.002
6760.000	10.000	-70.972	0.002
6770.000	10.000	-70.679	0.003
6780.000	10.000	-71.191	0.003
6790.000	10.000	-70.532	0.001
6800.000	10.000	-70.898	-0.000
6810.000	10.000	-71.045	0.003
6820.000	10.000	-70.752	0.001
6830.000	10.000	-70.825	0.001
6840.000	10.000	-71.191	0.003
6850.000	10.000	-70.752	0.002
6860.000	10.000	-70.605	0.003
6870.000	10.000	-70.752	0.007
6880.000	10.000	-70.386	0.002
6890.000	10.000	-70.532	0.002
6900.000	10.000	-70.679	0.003
6910.000	10.000	-70.386	0.004
6920.000	10.000	-70.605	0.003
6930.000	10.000	-70.679	0.002
6940.000	10.000	-70.312	0.003
6950.000	10.000	-70.532	0.003
6960.000	10.000	-70.752	0.001
6970.000	10.000	-70.459	0.002
6980.000	10.000	-70.605	0.003
6990.000	10.000	-70.605	0.002
7000.000	10.000	-70.312	0.006
7010.000	10.000	-70.239	0.002
7020.000	10.000	-70.459	0.001
