% Time (s)	Gyro Output (rads/s)	Input Rate (RPM)	%2/10/20262:41 PM
0.000	0.000	0.000
8346.890	4.270	-46.655
8346.900	4.270	-46.655
8346.910	4.270	-46.582
8346.920	4.270	-46.509
8346.930	4.170	-46.509
8346.940	4.170	-46.509
8346.950	4.170	-46.216
8346.960	4.310	-46.216
8346.970	4.310	-45.996
8346.980	4.310	-45.996
8346.990	4.280	-45.996
8347.000	4.280	-46.069
8347.010	4.280	-45.923
8347.020	4.160	-45.850
8347.030	4.160	-45.630
8347.040	4.160	-45.776
8347.050	4.190	-45.776
8347.060	4.190	-45.776
8347.070	4.190	-45.557
8347.080	4.140	-45.557
8347.090	4.140	-44.604
8347.100	4.140	-44.531
8347.110	3.930	-44.531
8347.120	3.930	-44.165
8347.130	3.930	-43.286
8347.140	3.830	-43.286
8347.150	3.830	-42.627
8347.160	3.830	-41.968
8347.170	3.760	-41.602
8347.180	3.760	-40.796
8347.190	3.760	-40.576
8347.200	3.570	-40.430
8347.210	3.570	-39.478
8347.220	3.570	-38.892
8347.230	3.340	-38.306
8347.240	3.340	-38.086
8347.250	3.340	-37.427
8347.260	3.320	-37.061
8347.270	3.320	-36.255
8347.280	3.320	-36.255
8347.290	3.200	-35.376
8347.300	3.200	-34.497
8347.310	3.200	-34.644
8347.320	3.000	-34.058
8347.330	3.000	-33.398
8347.340	3.000	-32.959
8347.350	2.730	-32.520
8347.360	2.730	-31.714
8347.370	2.730	-31.641
8347.380	2.730	-30.688
8347.390	2.730	-30.322
8347.400	2.730	-29.956
8347.410	2.580	-29.077
8347.420	2.580	-28.711
8347.430	2.580	-28.271
8347.440	2.430	-27.759
8347.450	2.430	-27.246
8347.460	2.430	-27.100
8347.470	2.300	-26.221
8347.480	2.300	-25.928
8347.490	2.300	-25.342
8347.500	2.190	-25.049
8347.510	2.190	-24.463
8347.520	2.190	-24.097
8347.530	2.070	-23.364
8347.540	2.070	-22.705
8347.550	2.070	-22.046
8347.560	1.890	-22.119
8347.570	1.890	-21.460
8347.580	1.890	-20.728
8347.590	1.740	-20.288
8347.600	1.740	-19.556
8347.610	1.740	-19.336
8347.620	1.650	-18.896
8347.630	1.650	-18.311
8347.640	1.650	-17.798
8347.650	1.480	-17.871
8347.660	1.480	-16.333
8347.670	1.480	-16.187
8347.680	1.340	-16.040
8347.690	1.340	-15.527
8347.700	1.340	-15.015
8347.710	1.230	-14.355
8347.720	1.230	-13.550
8347.730	1.230	-13.550
8347.740	1.100	-12.964
8347.750	1.100	-12.305
8347.760	1.100	-12.085
8347.770	0.950	-11.719
8347.780	0.950	-10.767
8347.790	0.950	-10.327
8347.800	0.850	-10.034
8347.810	0.850	-9.448
8347.820	0.850	-8.936
8347.830	0.660	-8.716
8347.840	0.660	-8.203
8347.850	0.660	-7.544
8347.860	0.570	-7.031
8347.870	0.570	-6.445
8347.880	0.570	-6.299
8347.890	0.420	-5.786
8347.900	0.420	-5.200
8347.910	0.420	-4.834
8347.920	0.290	-4.248
8347.930	0.290	-3.662
8347.940	0.290	-3.296
8347.950	0.140	-2.930
8347.960	0.140	-2.490
8347.970	0.140	-1.978
8347.980	0.020	-1.392
8347.990	0.020	-0.952
8348.000	0.020	-0.513
8348.010	-0.100	-0.073
8348.020	-0.100	0.366
8348.030	-0.100	0.879
8348.040	-0.210	1.392
8348.050	-0.210	1.904
8348.060	-0.210	2.417
8348.070	-0.340	3.003
8348.080	-0.340	3.223
8348.090	-0.340	3.516
8348.100	-0.470	4.175
8348.110	-0.470	4.687
8348.120	-0.470	5.054
8348.130	-0.600	5.566
8348.140	-0.600	6.006
8348.150	-0.600	6.152
8348.160	-0.720	6.445
8348.170	-0.720	7.031
8348.180	-0.720	7.544
8348.190	-0.840	8.203
8348.200	-0.840	8.276
8348.210	-0.840	8.643
8348.220	-0.940	9.155
8348.230	-0.940	9.448
8348.240	-0.940	9.741
8348.250	-1.010	10.327
8348.260	-1.010	10.913
8348.270	-1.010	11.206
8348.280	-1.120	11.426
8348.290	-1.120	11.938
8348.300	-1.120	12.305
8348.310	-1.260	12.671
8348.320	-1.260	12.964
8348.330	-1.260	13.477
8348.340	-1.360	13.989
8348.350	-1.360	14.429
8348.360	-1.360	14.648
8348.370	-1.460	14.868
8348.380	-1.460	15.161
8348.390	-1.460	15.527
8348.400	-1.540	16.260
8348.410	-1.540	16.553
8348.420	-1.540	17.065
8348.430	-1.670	17.432
8348.440	-1.670	17.725
8348.450	-1.670	17.871
8348.460	-1.810	18.457
8348.470	-1.810	19.556
8348.480	-1.810	19.556
8348.490	-1.880	19.775
8348.500	-1.880	19.922
8348.510	-1.880	20.581
8348.520	-1.940	20.581
8348.530	-1.940	21.021
8348.540	-1.940	21.240
8348.550	-2.070	22.046
8348.560	-2.070	21.899
8348.570	-2.070	22.705
8348.580	-2.170	22.705
8348.590	-2.170	22.998
8348.600	-2.170	23.730
8348.610	-2.230	23.730
8348.620	-2.230	24.170
8348.630	-2.230	24.683
8348.640	-2.370	24.683
8348.650	-2.370	24.683
8348.660	-2.370	25.562
8348.670	-2.440	25.562
8348.680	-2.440	26.221
8348.690	-2.440	26.660
8348.700	-2.530	26.660
8348.710	-2.530	27.026
8348.720	-2.530	27.905
8348.730	-2.600	27.905
8348.740	-2.600	28.198
8348.750	-2.600	28.931
8348.760	-2.710	28.931
8348.770	-2.710	29.150
8348.780	-2.710	29.810
8348.790	-2.800	29.810
8348.800	-2.800	30.176
8348.810	-2.800	30.615
8348.820	-2.860	30.615
8348.830	-2.860	30.835
8348.840	-2.860	31.641
8348.850	-2.930	31.641
8348.860	-2.930	31.567
8348.870	-2.930	32.007
8348.880	-3.010	32.446
8348.890	-3.010	32.520
8348.900	-3.010	32.812
8348.910	-3.090	33.105
8348.920	-3.090	33.179
8348.930	-3.090	33.472
8348.940	-3.140	33.984
8348.950	-3.140	33.691
8348.960	-3.140	34.204
8348.970	-3.190	34.351
8348.980	-3.190	34.717
8348.990	-3.190	34.497
8349.000	-3.250	35.156
8349.010	-3.250	35.449
8349.020	-3.250	35.376
8349.030	-3.290	35.669
8349.040	-3.290	35.522
8349.050	-3.290	36.182
8349.060	-3.330	36.108
8349.070	-3.330	36.328
8349.080	-3.330	36.182
8349.090	-3.380	36.841
8349.100	-3.380	36.694
8349.110	-3.380	36.768
8349.120	-3.430	36.987
8349.130	-3.430	36.987
8349.140	-3.430	37.500
8349.150	-3.470	37.793
8349.160	-3.470	37.720
8349.170	-3.470	37.866
8349.180	-3.510	38.306
8349.190	-3.510	37.866
8349.200	-3.510	38.232
8349.210	-3.550	38.745
8349.220	-3.550	38.745
8349.230	-3.550	39.038
8349.240	-3.580	39.111
8349.250	-3.580	38.599
8349.260	-3.580	39.111
8349.270	-3.630	39.551
8349.280	-3.630	39.478
8349.290	-3.630	39.771
8349.300	-3.650	39.844
8349.310	-3.650	39.551
8349.320	-3.650	39.771
8349.330	-3.680	40.063
8349.340	-3.680	40.210
8349.350	-3.680	40.649
8349.360	-3.710	40.649
8349.370	-3.710	40.356
8349.380	-3.710	40.576
8349.390	-3.740	40.942
8349.400	-3.740	40.503
8349.410	-3.740	41.016
8349.420	-3.760	41.382
8349.430	-3.760	41.309
8349.440	-3.760	41.162
8349.450	-3.780	41.309
8349.460	-3.780	41.382
8349.470	-3.780	41.528
8349.480	-3.810	41.675
8349.490	-3.810	41.309
8349.500	-3.810	41.821
8349.510	-3.820	41.895
8349.520	-3.820	41.748
8349.530	-3.820	41.602
8349.540	-3.830	41.895
8349.550	-3.830	41.821
8349.560	-3.830	41.821
8349.570	-3.850	42.041
8349.580	-3.850	41.602
8349.590	-3.850	42.114
8349.600	-3.850	42.114
8349.610	-3.850	42.041
8349.620	-3.850	42.114
8349.630	-3.860	42.334
8349.640	-3.860	42.114
8349.650	-3.860	42.187
8349.660	-3.870	42.407
8349.670	-3.870	42.187
8349.680	-3.870	42.480
8349.690	-3.860	42.407
8349.700	-3.860	42.334
8349.710	-3.860	42.334
8349.720	-3.870	42.554
8349.730	-3.870	42.407
8349.740	-3.870	42.334
8349.750	-3.880	42.407
8349.760	-3.880	42.114
8349.770	-3.880	42.261
8349.780	-3.860	42.407
8349.790	-3.860	42.187
8349.800	-3.860	42.187
8349.810	-3.870	42.261
8349.820	-3.870	41.968
8349.830	-3.870	41.968
8349.840	-3.860	42.261
8349.850	-3.860	42.114
8349.860	-3.860	42.261
8349.870	-3.840	42.041
8349.880	-3.840	41.748
8349.890	-3.840	41.821
8349.900	-3.840	42.114
8349.910	-3.840	41.895
8349.920	-3.840	41.895
8349.930	-3.820	41.821
8349.940	-3.820	41.602
8349.950	-3.820	41.602
8349.960	-3.800	41.675
8349.970	-3.800	41.455
8349.980	-3.800	41.602
8349.990	-3.800	41.748
8350.000	-3.800	41.309
8350.010	-3.800	41.089
8350.020	-3.770	41.235
8350.030	-3.770	41.235
8350.040	-3.770	41.235
8350.050	-3.740	40.723
8350.060	-3.740	40.869
8350.070	-3.740	41.016
8350.080	-3.730	41.235
8350.090	-3.730	40.723
8350.100	-3.730	40.723
8350.110	-3.700	40.796
8350.120	-3.700	40.210
8350.130	-3.700	40.210
8350.140	-3.680	40.430
8350.150	-3.680	40.723
8350.160	-3.680	40.063
8350.170	-3.670	40.063
8350.180	-3.670	39.624
8350.190	-3.670	39.624
8350.200	-3.620	39.697
8350.210	-3.620	39.697
8350.220	-3.620	39.697
8350.230	-3.600	39.844
8350.240	-3.600	39.258
8350.250	-3.600	39.038
8350.260	-3.580	39.185
8350.270	-3.580	39.185
8350.280	-3.580	38.965
8350.290	-3.540	39.258
8350.300	-3.540	38.672
8350.310	-3.540	38.379
8350.320	-3.500	38.159
8350.330	-3.500	38.159
8350.340	-3.500	38.232
8350.350	-3.470	38.232
8350.360	-3.470	37.793
8350.370	-3.470	37.720
8350.380	-3.430	37.720
8350.390	-3.430	37.427
8350.400	-3.430	37.280
8350.410	-3.390	37.280
8350.420	-3.390	37.061
8350.430	-3.390	36.768
8350.440	-3.360	36.768
8350.450	-3.360	36.548
8350.460	-3.360	36.328
8350.470	-3.310	36.328
8350.480	-3.310	36.475
8350.490	-3.310	36.401
8350.500	-3.270	36.401
8350.510	-3.270	36.182
8350.520	-3.270	35.522
8350.530	-3.220	35.522
8350.540	-3.220	35.522
8350.550	-3.220	35.156
8350.560	-3.170	35.156
8350.570	-3.170	34.790
8350.580	-3.170	34.790
8350.590	-3.130	34.717
8350.600	-3.130	34.131
8350.610	-3.130	33.911
8350.620	-3.080	33.911
8350.630	-3.080	33.984
8350.640	-3.080	33.691
8350.650	-3.030	33.691
8350.660	-3.030	33.252
8350.670	-3.030	32.886
8350.680	-2.970	32.886
8350.690	-2.970	32.739
8350.700	-2.970	32.446
8350.710	-2.910	32.446
8350.720	-2.910	32.153
8350.730	-2.910	32.080
8350.740	-2.860	32.080
8350.750	-2.860	31.567
8350.760	-2.860	31.201
8350.770	-2.800	31.494
8350.780	-2.800	30.835
8350.790	-2.800	30.615
8350.800	-2.740	30.762
8350.810	-2.740	30.249
8350.820	-2.740	30.176
8350.830	-2.690	30.249
8350.840	-2.690	29.443
8350.850	-2.690	29.590
8350.860	-2.630	29.517
8350.870	-2.630	28.784
8350.880	-2.630	28.784
8350.890	-2.560	28.784
8350.900	-2.560	28.564
8350.910	-2.560	28.345
8350.920	-2.510	28.125
8350.930	-2.510	27.759
8350.940	-2.510	27.612
8350.950	-2.460	27.466
8350.960	-2.460	27.100
8350.970	-2.460	27.319
8350.980	-2.420	27.100
8350.990	-2.420	26.807
8351.000	-2.420	26.440
8351.010	-2.370	26.367
8351.020	-2.370	26.221
8351.030	-2.370	25.854
8351.040	-2.320	26.074
8351.050	-2.320	25.342
8351.060	-2.320	25.635
8351.070	-2.270	25.269
8351.080	-2.270	25.269
8351.090	-2.270	24.829
8351.100	-2.220	24.976
8351.110	-2.220	24.609
8351.120	-2.220	24.463
8351.130	-2.170	24.390
8351.140	-2.170	24.170
8351.150	-2.170	24.023
8351.160	-2.100	23.657
8351.170	-2.100	23.145
8351.180	-2.100	22.925
8351.190	-2.050	22.998
8351.200	-2.050	22.485
8351.210	-2.050	22.339
8351.220	-1.990	22.192
8351.230	-1.990	21.973
8351.240	-1.990	21.753
8351.250	-1.930	21.753
8351.260	-1.930	21.240
8351.270	-1.930	21.387
8351.280	-1.880	20.801
8351.290	-1.880	20.728
8351.300	-1.880	20.435
8351.310	-1.810	20.435
8351.320	-1.810	20.142
8351.330	-1.810	19.702
8351.340	-1.730	19.482
8351.350	-1.730	19.116
8351.360	-1.730	19.116
8351.370	-1.670	18.970
8351.380	-1.670	18.677
8351.390	-1.670	18.457
8351.400	-1.610	18.311
8351.410	-1.610	17.578
8351.420	-1.610	17.432
8351.430	-1.530	17.578
8351.440	-1.530	16.992
8351.450	-1.530	16.699
8351.460	-1.470	15.967
8351.470	-1.470	15.967
8351.480	-1.470	16.187
8351.490	-1.410	15.894
8351.500	-1.410	15.308
8351.510	-1.410	15.601
8351.520	-1.310	15.234
8351.530	-1.310	14.648
8351.540	-1.310	14.722
8351.550	-1.260	14.282
8351.560	-1.260	14.062
8351.570	-1.260	13.843
8351.580	-1.180	13.696
8351.590	-1.180	13.110
8351.600	-1.180	13.184
8351.610	-1.090	12.524
8351.620	-1.090	12.451
8351.630	-1.090	12.231
8351.640	-1.020	12.012
8351.650	-1.020	11.572
8351.660	-1.020	11.353
8351.670	-0.940	11.279
8351.680	-0.940	10.693
8351.690	-0.940	10.547
8351.700	-0.880	10.034
8351.710	-0.880	10.107
8351.720	-0.880	9.595
8351.730	-0.780	9.375
8351.740	-0.780	9.082
8351.750	-0.780	8.862
8351.760	-0.700	8.276
8351.770	-0.700	8.130
8351.780	-0.700	7.910
8351.790	-0.620	7.617
8351.800	-0.620	7.471
8351.810	-0.620	7.104
8351.820	-0.530	6.738
8351.830	-0.530	6.372
8351.840	-0.530	5.786
8351.850	-0.500	5.640
8351.860	-0.500	5.640
8351.870	-0.500	5.347
8351.880	-0.380	4.980
8351.890	-0.380	4.687
8351.900	-0.380	4.321
8351.910	-0.310	4.028
8351.920	-0.310	3.809
8351.930	-0.310	3.735
8351.940	-0.260	3.516
8351.950	-0.260	3.223
8351.960	-0.260	2.783
8351.970	-0.140	2.344
8351.980	-0.140	1.978
8351.990	-0.140	1.685
8352.000	-0.020	1.538
8352.010	-0.020	1.172
8352.020	-0.020	0.806
8352.030	0.000	0.439
8352.040	0.000	0.220
8352.050	0.000	-0.073
8352.060	0.060	-0.513
8352.070	0.060	-0.806
8352.080	0.060	-1.099
8352.090	0.190	-1.392
8352.100	0.190	-1.758
8352.110	0.190	-2.051
8352.120	0.290	-2.344
8352.130	0.290	-2.783
8352.140	0.290	-3.296
8352.150	0.380	-3.516
8352.160	0.380	-3.589
8352.170	0.380	-3.809
8352.180	0.480	-3.955
8352.190	0.480	-4.614
8352.200	0.480	-4.834
8352.210	0.490	-4.834
8352.220	0.490	-5.200
8352.230	0.490	-5.420
8352.240	0.590	-5.420
8352.250	0.590	-5.713
8352.260	0.590	-6.445
8352.270	0.680	-6.445
8352.280	0.680	-6.738
8352.290	0.680	-7.324
8352.300	0.730	-7.324
8352.310	0.730	-7.544
8352.320	0.730	-7.837
8352.330	0.820	-7.837
8352.340	0.820	-8.496
8352.350	0.820	-8.789
8352.360	0.890	-8.789
8352.370	0.890	-9.229
8352.380	0.890	-9.741
8352.390	0.930	-9.741
8352.400	0.930	-9.888
8352.410	0.930	-10.474
8352.420	1.030	-10.474
8352.430	1.030	-11.060
8352.440	1.030	-11.426
8352.450	1.060	-11.426
8352.460	1.060	-11.865
8352.470	1.060	-12.085
8352.480	1.160	-12.305
8352.490	1.160	-13.037
8352.500	1.160	-13.037
8352.510	1.270	-12.891
8352.520	1.270	-13.477
8352.530	1.270	-13.696
8352.540	1.340	-13.916
8352.550	1.340	-14.136
8352.560	1.340	-14.502
8352.570	1.380	-14.502
8352.580	1.380	-14.941
8352.590	1.380	-15.454
8352.600	1.450	-15.234
8352.610	1.450	-15.820
8352.620	1.450	-16.040
8352.630	1.560	-16.113
8352.640	1.560	-16.626
8352.650	1.560	-16.772
8352.660	1.600	-16.919
8352.670	1.600	-17.578
8352.680	1.600	-17.432
8352.690	1.690	-17.651
8352.700	1.690	-18.237
8352.710	1.690	-18.384
8352.720	1.770	-18.750
8352.730	1.770	-18.823
8352.740	1.770	-19.263
8352.750	1.830	-19.336
8352.760	1.830	-19.629
8352.770	1.830	-19.702
8352.780	1.940	-20.361
8352.790	1.940	-20.508
8352.800	1.940	-20.654
8352.810	1.940	-21.094
8352.820	1.940	-21.021
8352.830	1.940	-21.680
8352.840	2.080	-21.680
8352.850	2.080	-22.266
8352.860	2.080	-22.339
8352.870	2.090	-22.778
8352.880	2.090	-23.145
8352.890	2.090	-23.364
8352.900	2.200	-23.584
8352.910	2.200	-23.730
8352.920	2.200	-23.950
8352.930	2.260	-23.950
8352.940	2.260	-24.243
8352.950	2.260	-24.390
8352.960	2.300	-24.829
8352.970	2.300	-24.829
8352.980	2.300	-25.562
8352.990	2.410	-25.562
8353.000	2.410	-25.928
8353.010	2.410	-25.854
8353.020	2.420	-26.367
8353.030	2.420	-26.440
8353.040	2.420	-26.733
8353.050	2.470	-27.319
8353.060	2.470	-27.173
8353.070	2.470	-27.393
8353.080	2.590	-27.539
8353.090	2.590	-27.832
8353.100	2.590	-28.125
8353.110	2.660	-28.418
8353.120	2.660	-28.491
8353.130	2.660	-29.004
8353.140	2.710	-29.150
8353.150	2.710	-28.857
8353.160	2.710	-29.443
8353.170	2.710	-29.810
8353.180	2.710	-29.736
8353.190	2.710	-30.029
8353.200	2.810	-30.249
8353.210	2.810	-30.469
8353.220	2.810	-30.688
8353.230	2.910	-30.688
8353.240	2.910	-30.908
8353.250	2.910	-31.421
8353.260	2.960	-31.567
8353.270	2.960	-31.494
8353.280	2.960	-31.934
8353.290	3.000	-31.934
8353.300	3.000	-31.934
8353.310	3.000	-32.373
8353.320	3.040	-32.666
8353.330	3.040	-32.812
8353.340	3.040	-32.886
8353.350	3.000	-33.398
8353.360	3.000	-33.105
8353.370	3.000	-33.545
8353.380	3.050	-33.618
8353.390	3.050	-33.838
8353.400	3.050	-34.058
8353.410	3.100	-34.277
8353.420	3.100	-34.424
8353.430	3.100	-34.790
8353.440	3.160	-34.937
8353.450	3.160	-34.424
8353.460	3.160	-35.156
8353.470	3.210	-35.376
8353.480	3.210	-35.156
8353.490	3.210	-35.596
8353.500	3.280	-35.889
8353.510	3.280	-36.035
8353.520	3.280	-36.108
8353.530	3.300	-36.108
8353.540	3.300	-36.401
8353.550	3.300	-36.621
8353.560	3.340	-37.134
8353.570	3.340	-36.914
8353.580	3.340	-37.354
8353.590	3.420	-37.354
8353.600	3.420	-37.280
8353.610	3.420	-37.500
8353.620	3.520	-37.866
8353.630	3.520	-37.793
8353.640	3.520	-38.013
8353.650	3.600	-38.086
8353.660	3.600	-37.939
8353.670	3.600	-38.452
8353.680	3.600	-38.818
8353.690	3.600	-38.599
8353.700	3.600	-39.038
8353.710	3.670	-39.038
8353.720	3.670	-38.892
8353.730	3.670	-39.404
8353.740	3.620	-39.624
8353.750	3.620	-39.771
8353.760	3.620	-39.771
8353.770	3.600	-40.063
8353.780	3.600	-39.844
8353.790	3.600	-40.137
8353.800	3.740	-40.283
8353.810	3.740	-40.430
8353.820	3.740	-40.796
8353.830	3.830	-40.649
8353.840	3.830	-40.576
8353.850	3.830	-41.016
8353.860	3.770	-41.089
8353.870	3.770	-40.796
8353.880	3.770	-41.089
8353.890	3.810	-41.675
8353.900	3.810	-41.528
8353.910	3.810	-41.895
8353.920	3.770	-41.528
8353.930	3.770	-41.748
8353.940	3.770	-41.968
8353.950	3.960	-42.114
8353.960	3.960	-42.114
8353.970	3.960	-42.261
8353.980	3.890	-42.554
8353.990	3.890	-42.334
8354.000	3.890	-42.700
8354.010	3.880	-42.554
8354.020	3.880	-43.066
8354.030	3.880	-42.847
8354.040	4.040	-43.066
8354.050	4.040	-42.920
8354.060	4.040	-43.286
8354.070	3.930	-43.506
8354.080	3.930	-43.359
8354.090	3.930	-43.359
8354.100	3.930	-43.359
8354.110	3.930	-43.359
8354.120	3.930	-43.433
8354.130	4.070	-44.019
8354.140	4.070	-43.945
8354.150	4.070	-44.165
8354.160	4.090	-44.165
8354.170	4.090	-44.312
8354.180	4.090	-44.385
8354.190	3.970	-44.824
8354.200	3.970	-44.678
8354.210	3.970	-44.678
8354.220	4.210	-44.531
8354.230	4.210	-44.312
8354.240	4.210	-44.385
8354.250	4.020	-44.751
8354.260	4.020	-44.678
8354.270	4.020	-44.678
8354.280	4.010	-44.824
8354.290	4.010	-44.604
8354.300	4.010	-44.897
8354.310	4.220	-45.264
8354.320	4.220	-45.337
8354.330	4.220	-45.410
8354.340	4.080	-45.483
8354.350	4.080	-45.117
8354.360	4.080	-45.190
8354.370	4.180	-45.410
8354.380	4.180	-45.410
8354.390	4.180	-45.337
8354.400	4.140	-45.483
8354.410	4.140	-45.190
8354.420	4.140	-45.483
8354.430	4.140	-45.703
8354.440	4.140	-45.703
8354.450	4.140	-45.850
8354.460	4.210	-45.850
8354.470	4.210	-45.630
8354.480	4.210	-45.703
8354.490	4.130	-45.703
8354.500	4.130	-45.703
8354.510	4.130	-45.703
8354.520	4.160	-45.923
8354.530	4.160	-45.483
8354.540	4.160	-45.483
8354.550	4.180	-45.703
8354.560	4.180	-45.483
8354.570	4.180	-45.410
8354.580	4.110	-45.410
8354.590	4.110	-45.410
8354.600	4.110	-45.337
8354.610	4.190	-45.483
8354.620	4.190	-45.117
8354.630	4.190	-45.337
8354.640	4.120	-45.337
8354.650	4.120	-45.190
8354.660	4.120	-45.117
8354.670	4.110	-45.117
8354.680	4.110	-44.971
8354.690	4.110	-45.044
8354.700	4.120	-45.117
8354.710	4.120	-44.971
8354.720	4.120	-44.971
8354.730	4.030	-45.117
8354.740	4.030	-44.897
8354.750	4.030	-44.897
8354.760	4.110	-45.044
8354.770	4.110	-45.044
8354.780	4.110	-44.604
8354.790	3.950	-44.531
8354.800	3.950	-44.165
8354.810	3.950	-44.092
8354.820	4.110	-44.165
8354.830	4.110	-44.019
8354.840	4.110	-43.799
8354.850	4.030	-43.579
8354.860	4.030	-43.213
8354.870	4.030	-43.286
8354.880	3.870	-43.726
8354.890	3.870	-43.579
8354.900	3.870	-43.652
8354.910	4.020	-43.506
8354.920	4.020	-43.066
8354.930	4.020	-42.847
8354.940	3.800	-43.066
8354.950	3.800	-42.847
8354.960	3.800	-42.627
8354.970	3.930	-42.554
8354.980	3.930	-42.261
8354.990	3.930	-42.261
8355.000	3.800	-42.114
8355.010	3.800	-41.748
8355.020	3.800	-41.675
8355.030	3.750	-41.821
8355.040	3.750	-41.382
8355.050	3.750	-41.235
8355.060	3.750	-41.528
8355.070	3.750	-41.309
8355.080	3.750	-41.235
8355.090	3.770	-40.796
8355.100	3.770	-40.503
8355.110	3.770	-40.649
8355.120	3.600	-40.576
8355.130	3.600	-40.283
8355.140	3.600	-40.430
8355.150	3.700	-40.430
8355.160	3.700	-39.771
8355.170	3.700	-39.697
8355.180	3.580	-39.478
8355.190	3.580	-39.404
8355.200	3.580	-39.551
8355.210	3.540	-39.185
8355.220	3.540	-38.965
8355.230	3.540	-38.818
8355.240	3.470	-38.452
8355.250	3.470	-38.452
8355.260	3.470	-38.379
8355.270	3.480	-38.086
8355.280	3.480	-37.939
8355.290	3.480	-37.500
8355.300	3.460	-37.720
8355.310	3.460	-37.354
8355.320	3.460	-37.354
8355.330	3.340	-37.134
8355.340	3.340	-37.061
8355.350	3.340	-36.841
8355.360	3.210	-36.548
8355.370	3.210	-36.401
8355.380	3.210	-36.182
8355.390	3.150	-36.328
8355.400	3.150	-35.522
8355.410	3.150	-35.522
8355.420	3.280	-35.522
8355.430	3.280	-35.303
8355.440	3.280	-34.424
8355.450	3.220	-34.424
8355.460	3.220	-34.790
8355.470	3.220	-34.277
8355.480	3.080	-34.277
8355.490	3.080	-34.058
8355.500	3.080	-33.618
8355.510	2.990	-33.618
8355.520	2.990	-33.179
8355.530	2.990	-32.959
8355.540	2.900	-32.959
8355.550	2.900	-32.886
8355.560	2.900	-32.666
8355.570	2.860	-32.593
8355.580	2.860	-32.080
8355.590	2.860	-32.153
8355.600	2.770	-31.641
8355.610	2.770	-31.348
8355.620	2.770	-31.348
8355.630	2.730	-30.981
8355.640	2.730	-30.762
8355.650	2.730	-30.542
8355.660	2.680	-30.176
8355.670	2.680	-30.029
8355.680	2.680	-29.736
8355.690	2.630	-29.224
8355.700	2.630	-29.517
8355.710	2.630	-29.150
8355.720	2.580	-28.857
8355.730	2.580	-28.271
8355.740	2.580	-28.125
8355.750	2.500	-27.905
8355.760	2.500	-27.393
8355.770	2.500	-27.319
8355.780	2.370	-27.246
8355.790	2.370	-27.026
8355.800	2.370	-26.367
8355.810	2.310	-26.514
8355.820	2.310	-26.001
8355.830	2.310	-26.001
8355.840	2.250	-25.708
8355.850	2.250	-25.122
8355.860	2.250	-24.609
8355.870	2.200	-24.390
8355.880	2.200	-24.097
8355.890	2.200	-23.877
8355.900	2.150	-23.877
8355.910	2.150	-23.437
8355.920	2.150	-23.145
8355.930	2.060	-23.145
8355.940	2.060	-22.705
8355.950	2.060	-22.119
8355.960	1.920	-22.119
8355.970	1.920	-21.899
8355.980	1.920	-21.021
8355.990	1.850	-21.021
8356.000	1.850	-20.947
8356.010	1.850	-20.361
8356.020	1.810	-20.361
8356.030	1.810	-19.629
8356.040	1.810	-19.263
8356.050	1.690	-19.263
8356.060	1.690	-18.896
8356.070	1.690	-18.457
8356.080	1.550	-18.384
8356.090	1.550	-18.018
8356.100	1.550	-17.432
8356.110	1.530	-17.212
8356.120	1.530	-16.772
8356.130	1.530	-16.626
8356.140	1.370	-16.406
8356.150	1.370	-15.674
8356.160	1.370	-15.454
8356.170	1.350	-15.381
8356.180	1.350	-14.648
8356.190	1.350	-14.502
8356.200	1.210	-14.282
8356.210	1.210	-13.843
8356.220	1.210	-13.257
8356.230	1.120	-13.037
8356.240	1.120	-12.598
8356.250	1.120	-12.451
8356.260	1.000	-11.938
8356.270	1.000	-11.499
8356.280	1.000	-11.279
8356.290	0.930	-11.060
8356.300	0.930	-10.547
8356.310	0.930	-9.961
8356.320	0.790	-9.888
8356.330	0.790	-9.375
8356.340	0.790	-8.936
8356.350	0.720	-8.716
8356.360	0.720	-8.496
8356.370	0.720	-7.764
8356.380	0.610	-7.471
8356.390	0.610	-6.812
8356.400	0.610	-6.592
8356.410	0.450	-6.372
8356.420	0.450	-5.859
8356.430	0.450	-5.493
8356.440	0.390	-5.347
8356.450	0.390	-4.834
8356.460	0.390	-4.468
8356.470	0.300	-4.175
8356.480	0.300	-3.882
8356.490	0.300	-3.369
8356.500	0.150	-2.856
8356.510	0.150	-2.563
8356.520	0.150	-2.124
8356.530	0.050	-1.758
8356.540	0.050	-1.245
8356.550	0.050	-0.732
8356.560	-0.070	-0.439
8356.570	-0.070	-0.146
8356.580	-0.070	0.293
8356.590	-0.180	0.586
8356.600	-0.180	1.025
8356.610	-0.180	1.611
8356.620	-0.280	2.051
8356.630	-0.280	2.417
8356.640	-0.280	2.783
8356.650	-0.380	3.223
8356.660	-0.380	3.809
8356.670	-0.380	4.102
8356.680	-0.490	4.395
8356.690	-0.490	4.761
8356.700	-0.490	5.273
8356.710	-0.590	5.493
8356.720	-0.590	5.713
8356.730	-0.590	6.299
8356.740	-0.700	6.592
8356.750	-0.700	6.812
8356.760	-0.700	7.397
8356.770	-0.800	7.837
8356.780	-0.800	8.423
8356.790	-0.800	8.716
8356.800	-0.900	9.082
8356.810	-0.900	9.448
8356.820	-0.900	9.961
8356.830	-1.010	10.034
8356.840	-1.010	10.693
8356.850	-1.010	11.279
8356.860	-1.160	11.499
8356.870	-1.160	11.646
8356.880	-1.160	12.231
8356.890	-1.240	12.744
8356.900	-1.240	12.744
8356.910	-1.240	13.330
8356.920	-1.300	13.696
8356.930	-1.300	14.209
8356.940	-1.300	14.648
8356.950	-1.470	14.941
8356.960	-1.470	15.015
8356.970	-1.470	15.967
8356.980	-1.610	16.187
8356.990	-1.610	16.479
8357.000	-1.610	17.139
8357.010	-1.670	17.212
8357.020	-1.670	17.798
8357.030	-1.670	18.311
8357.040	-1.800	18.750
8357.050	-1.800	19.189
8357.060	-1.800	19.409
8357.070	-1.880	19.849
8357.080	-1.880	19.922
8357.090	-1.880	20.581
8357.100	-2.000	20.874
8357.110	-2.000	21.606
8357.120	-2.000	21.680
8357.130	-2.150	22.192
8357.140	-2.150	22.852
8357.150	-2.150	23.657
8357.160	-2.220	23.877
8357.170	-2.220	24.463
8357.180	-2.220	24.463
8357.190	-2.330	24.902
8357.200	-2.330	25.342
8357.210	-2.330	25.342
8357.220	-2.470	26.221
8357.230	-2.470	26.440
8357.240	-2.470	27.026
8357.250	-2.570	27.319
8357.260	-2.570	27.466
8357.270	-2.570	27.979
8357.280	-2.660	28.491
8357.290	-2.660	28.491
8357.300	-2.660	29.004
8357.310	-2.760	29.663
8357.320	-2.760	29.517
8357.330	-2.760	29.883
8357.340	-2.870	30.396
8357.350	-2.870	30.542
8357.360	-2.870	31.348
8357.370	-2.980	31.567
8357.380	-2.980	31.714
8357.390	-2.980	32.373
8357.400	-3.090	32.666
8357.410	-3.090	33.032
8357.420	-3.090	33.252
8357.430	-3.180	33.984
8357.440	-3.180	33.984
8357.450	-3.180	34.644
8357.460	-3.240	34.717
8357.470	-3.240	34.937
8357.480	-3.240	35.449
8357.490	-3.320	35.596
8357.500	-3.320	35.815
8357.510	-3.320	35.962
8357.520	-3.420	36.914
8357.530	-3.420	36.841
8357.540	-3.420	37.207
8357.550	-3.500	37.354
8357.560	-3.500	37.427
8357.570	-3.500	37.793
8357.580	-3.580	38.379
8357.590	-3.580	38.745
8357.600	-3.580	38.892
8357.610	-3.680	39.478
8357.620	-3.680	39.331
8357.630	-3.680	39.551
8357.640	-3.740	39.990
8357.650	-3.740	40.356
8357.660	-3.740	40.942
8357.670	-3.830	41.455
8357.680	-3.830	41.089
8357.690	-3.830	41.382
8357.700	-3.890	42.114
8357.710	-3.890	42.114
8357.720	-3.890	42.554
8357.730	-4.000	42.993
8357.740	-4.000	43.213
8357.750	-4.000	43.359
8357.760	-4.070	43.359
8357.770	-4.070	43.433
8357.780	-4.070	44.385
8357.790	-4.150	44.385
8357.800	-4.150	44.458
8357.810	-4.150	45.190
8357.820	-4.230	45.190
8357.830	-4.230	45.337
8357.840	-4.230	46.289
8357.850	-4.300	46.289
8357.860	-4.300	46.729
8357.870	-4.300	47.314
8357.880	-4.400	47.314
8357.890	-4.400	47.607
8357.900	-4.400	48.340
8357.910	-4.470	48.340
8357.920	-4.470	48.633
8357.930	-4.470	49.146
8357.940	-4.560	49.146
8357.950	-4.560	49.365
8357.960	-4.560	50.098
8357.970	-4.650	50.098
8357.980	-4.650	50.171
8357.990	-4.650	50.391
8358.000	-4.690	50.391
8358.010	-4.690	50.977
8358.020	-4.690	51.709
8358.030	-4.800	51.709
8358.040	-4.800	51.929
8358.050	-4.800	52.368
8358.060	-4.860	52.515
8358.070	-4.860	52.441
8358.080	-4.860	53.613
8358.090	-4.920	53.613
8358.100	-4.920	53.906
8358.110	-4.920	54.053
8358.120	-5.030	54.053
8358.130	-5.030	54.272
8358.140	-5.030	55.005
8358.150	-5.120	55.005
8358.160	-5.120	55.371
8358.170	-5.120	55.884
8358.180	-5.170	55.884
8358.190	-5.170	56.177
8358.200	-5.170	56.909
8358.210	-5.220	56.909
8358.220	-5.220	56.909
8358.230	-5.220	57.422
8358.240	-5.340	57.422
8358.250	-5.340	58.008
8358.260	-5.340	58.447
8358.270	-5.400	58.447
8358.280	-5.400	58.960
8358.290	-5.400	58.960
8358.300	-5.420	59.692
8358.310	-5.420	59.546
8358.320	-5.420	60.132
8358.330	-5.500	59.985
8358.340	-5.500	60.571
8358.350	-5.500	60.645
8358.360	-5.620	61.011
8358.370	-5.620	61.157
8358.380	-5.620	61.157
8358.390	-5.630	61.450
8358.400	-5.630	61.450
8358.410	-5.630	61.816
8358.420	-5.720	61.890
8358.430	-5.720	62.402
8358.440	-5.720	62.476
8358.450	-5.800	62.402
8358.460	-5.800	62.842
8358.470	-5.800	63.062
8358.480	-5.830	63.574
8358.490	-5.830	63.574
8358.500	-5.830	63.647
8358.510	-5.870	64.233
8358.520	-5.870	64.307
8358.530	-5.870	64.087
8358.540	-5.920	64.453
8358.550	-5.920	64.746
8358.560	-5.920	65.039
8358.570	-5.970	65.259
8358.580	-5.970	64.673
8358.590	-5.970	65.332
8358.600	-6.040	65.698
8358.610	-6.040	65.479
8358.620	-6.040	65.771
8358.630	-6.100	66.650
8358.640	-6.100	66.357
8358.650	-6.100	66.211
8358.660	-6.160	66.577
8358.670	-6.160	66.504
8358.680	-6.160	67.163
8358.690	-6.190	67.310
8358.700	-6.190	67.236
8358.710	-6.190	67.456
8358.720	-6.200	67.383
8358.730	-6.200	67.456
8358.740	-6.200	67.676
8358.750	-6.260	68.555
8358.760	-6.260	67.969
8358.770	-6.260	68.335
8358.780	-6.340	68.628
8358.790	-6.340	68.555
8358.800	-6.340	68.628
8358.810	-6.370	69.067
8358.820	-6.370	69.360
8358.830	-6.370	69.287
8358.840	-6.390	69.653
8358.850	-6.390	69.507
8358.860	-6.390	69.946
8358.870	-6.480	70.312
8358.880	-6.480	69.946
8358.890	-6.480	70.386
8358.900	-6.490	70.679
8358.910	-6.490	70.459
8358.920	-6.490	70.605
8358.930	-6.500	71.045
8358.940	-6.500	70.898
8358.950	-6.500	71.191
8358.960	-6.580	71.851
8358.970	-6.580	71.484
8358.980	-6.580	71.997
8358.990	-6.610	71.997
8359.000	-6.610	72.070
8359.010	-6.610	72.217
8359.020	-6.630	72.510
8359.030	-6.630	72.070
8359.040	-6.630	72.656
8359.050	-6.700	73.022
8359.060	-6.700	72.583
8359.070	-6.700	72.949
8359.080	-6.680	73.096
8359.090	-6.680	73.022
8359.100	-6.680	73.022
8359.110	-6.770	73.975
8359.120	-6.770	73.828
8359.130	-6.770	74.194
8359.140	-6.750	74.121
8359.150	-6.750	73.682
8359.160	-6.750	74.048
8359.170	-6.810	74.561
8359.180	-6.810	74.561
8359.190	-6.810	74.707
8359.200	-6.800	74.854
8359.210	-6.800	74.341
8359.220	-6.800	74.707
8359.230	-6.870	75.146
8359.240	-6.870	75.000
8359.250	-6.870	75.073
8359.260	-6.830	75.146
8359.270	-6.830	74.707
8359.280	-6.830	75.000
8359.290	-6.900	75.366
8359.300	-6.900	75.220
8359.310	-6.900	75.366
8359.320	-6.870	75.513
8359.330	-6.870	75.146
8359.340	-6.870	75.439
8359.350	-6.930	75.513
8359.360	-6.930	75.659
8359.370	-6.930	75.659
8359.380	-6.880	75.439
8359.390	-6.880	75.293
8359.400	-6.880	75.439
8359.410	-6.950	75.806
8359.420	-6.950	75.513
8359.430	-6.950	75.439
8359.440	-6.900	75.513
8359.450	-6.900	75.513
8359.460	-6.900	75.439
8359.470	-6.930	75.806
8359.480	-6.930	75.586
8359.490	-6.930	75.806
8359.500	-6.900	75.952
8359.510	-6.900	75.220
8359.520	-6.900	75.439
8359.530	-6.960	75.806
8359.540	-6.960	75.952
8359.550	-6.960	75.879
8359.560	-6.940	75.586
8359.570	-6.940	75.220
8359.580	-6.940	75.586
8359.590	-6.900	75.659
8359.600	-6.900	75.586
8359.610	-6.900	75.439
8359.620	-6.950	75.659
8359.630	-6.950	75.366
8359.640	-6.950	75.146
8359.650	-6.900	75.586
8359.660	-6.900	75.439
8359.670	-6.900	75.806
8359.680	-6.940	75.806
8359.690	-6.940	75.220
8359.700	-6.940	75.293
8359.710	-6.890	75.732
8359.720	-6.890	75.586
8359.730	-6.890	75.439
8359.740	-6.890	75.366
8359.750	-6.890	75.146
8359.760	-6.890	75.439
8359.770	-6.880	75.366
8359.780	-6.880	75.146
8359.790	-6.880	75.293
8359.800	-6.840	75.293
8359.810	-6.840	75.000
8359.820	-6.840	75.220
8359.830	-6.880	75.220
8359.840	-6.880	75.146
8359.850	-6.880	74.854
8359.860	-6.860	74.854
8359.870	-6.860	74.927
8359.880	-6.860	75.073
8359.890	-6.850	75.073
8359.900	-6.850	75.000
8359.910	-6.850	75.000
8359.920	-6.820	75.000
8359.930	-6.820	74.854
8359.940	-6.820	74.780
8359.950	-6.780	74.780
8359.960	-6.780	74.780
8359.970	-6.780	74.634
8359.980	-6.810	74.634
8359.990	-6.810	74.634
8360.000	-6.810	74.487
8360.010	-6.710	74.341
8360.020	-6.710	74.121
8360.030	-6.710	73.975
8360.040	-6.730	74.487
8360.050	-6.730	74.121
8360.060	-6.730	73.975
8360.070	-6.680	73.682
8360.080	-6.680	73.315
8360.090	-6.680	72.949
8360.100	-6.680	72.949
8360.110	-6.680	73.169
8360.120	-6.680	73.022
8360.130	-6.610	73.022
8360.140	-6.610	72.437
8360.150	-6.610	72.437
8360.160	-6.580	72.437
8360.170	-6.580	72.217
8360.180	-6.580	71.997
8360.190	-6.520	71.997
8360.200	-6.520	72.144
8360.210	-6.520	71.558
8360.220	-6.490	71.558
8360.230	-6.490	71.118
8360.240	-6.490	70.825
8360.250	-6.440	70.825
8360.260	-6.440	70.679
8360.270	-6.440	70.605
8360.280	-6.440	70.605
8360.290	-6.440	70.239
8360.300	-6.440	69.946
8360.310	-6.330	69.946
8360.320	-6.330	69.800
8360.330	-6.330	69.067
8360.340	-6.340	69.067
8360.350	-6.340	69.067
8360.360	-6.340	68.701
8360.370	-6.240	68.701
8360.380	-6.240	68.335
8360.390	-6.240	68.408
8360.400	-6.230	68.408
8360.410	-6.230	68.115
8360.420	-6.230	67.969
8360.430	-6.140	67.603
8360.440	-6.140	67.529
8360.450	-6.140	67.163
8360.460	-6.080	67.383
8360.470	-6.080	67.163
8360.480	-6.080	66.943
8360.490	-6.090	66.724
8360.500	-6.090	65.991
8360.510	-6.090	65.771
8360.520	-5.970	65.771
8360.530	-5.970	65.625
8360.540	-5.970	65.405
8360.550	-5.940	65.405
8360.560	-5.940	64.893
8360.570	-5.940	64.819
8360.580	-5.900	64.526
8360.590	-5.900	64.307
8360.600	-5.900	64.600
8360.610	-5.820	64.160
8360.620	-5.820	64.014
8360.630	-5.820	63.940
8360.640	-5.770	63.281
8360.650	-5.770	63.281
8360.660	-5.770	63.062
8360.670	-5.710	62.769
8360.680	-5.710	62.769
8360.690	-5.710	62.402
8360.700	-5.600	61.816
8360.710	-5.600	61.816
8360.720	-5.600	61.450
8360.730	-5.540	61.377
8360.740	-5.540	61.377
8360.750	-5.540	61.157
8360.760	-5.500	60.791
8360.770	-5.500	60.352
8360.780	-5.500	59.985
8360.790	-5.450	60.205
8360.800	-5.450	60.132
8360.810	-5.450	59.399
8360.820	-5.390	59.473
8360.830	-5.390	58.887
8360.840	-5.390	58.960
8360.850	-5.300	58.521
8360.860	-5.300	58.008
8360.870	-5.300	58.301
8360.880	-5.190	58.008
8360.890	-5.190	57.349
8360.900	-5.190	56.982
8360.910	-5.110	57.202
8360.920	-5.110	56.689
8360.930	-5.110	56.543
8360.940	-5.040	56.250
8360.950	-5.040	55.737
8360.960	-5.040	55.518
8360.970	-4.960	55.151
8360.980	-4.960	54.858
8360.990	-4.960	54.565
8361.000	-4.890	54.272
8361.010	-4.890	53.833
8361.020	-4.890	53.540
8361.030	-4.800	53.247
8361.040	-4.800	52.661
8361.050	-4.800	52.368
8361.060	-4.710	52.295
8361.070	-4.710	51.782
8361.080	-4.710	51.636
8361.090	-4.620	51.489
8361.100	-4.620	51.196
8361.110	-4.620	50.757
8361.120	-4.520	50.610
8361.130	-4.520	50.024
8361.140	-4.520	49.805
8361.150	-4.460	49.585
8361.160	-4.460	49.146
8361.170	-4.460	48.633
8361.180	-4.350	48.267
8361.190	-4.350	47.754
8361.200	-4.350	47.388
8361.210	-4.260	47.241
8361.220	-4.260	46.509
8361.230	-4.260	46.362
8361.240	-4.150	46.143
8361.250	-4.150	45.776
8361.260	-4.150	45.483
8361.270	-4.060	45.337
8361.280	-4.060	44.604
8361.290	-4.060	44.092
8361.300	-3.980	43.945
8361.310	-3.980	43.579
8361.320	-3.980	43.433
8361.330	-3.890	43.066
8361.340	-3.890	42.407
8361.350	-3.890	42.187
8361.360	-3.750	41.675
8361.370	-3.750	41.089
8361.380	-3.750	41.162
8361.390	-3.650	41.089
8361.400	-3.650	40.356
8361.410	-3.650	39.844
8361.420	-3.560	39.258
8361.430	-3.560	38.892
8361.440	-3.560	38.892
8361.450	-3.450	38.379
8361.460	-3.450	37.720
8361.470	-3.450	37.793
8361.480	-3.370	37.280
8361.490	-3.370	36.548
8361.500	-3.370	36.475
8361.510	-3.190	35.962
8361.520	-3.190	35.889
8361.530	-3.190	35.376
8361.540	-3.110	34.863
8361.550	-3.110	34.497
8361.560	-3.110	34.497
8361.570	-3.020	33.765
8361.580	-3.020	33.179
8361.590	-3.020	32.886
8361.600	-2.920	32.593
8361.610	-2.920	32.227
8361.620	-2.920	31.567
8361.630	-2.800	31.201
8361.640	-2.800	30.908
8361.650	-2.800	30.469
8361.660	-2.680	29.590
8361.670	-2.680	29.590
8361.680	-2.680	29.370
8361.690	-2.580	29.224
8361.700	-2.580	28.491
8361.710	-2.580	27.832
8361.720	-2.480	27.832
8361.730	-2.480	27.319
8361.740	-2.480	26.440
8361.750	-2.350	26.440
8361.760	-2.350	26.221
8361.770	-2.350	25.415
8361.780	-2.260	25.415
8361.790	-2.260	24.683
8361.800	-2.260	23.950
8361.810	-2.160	23.950
8361.820	-2.160	23.730
8361.830	-2.160	23.071
8361.840	-2.020	23.071
8361.850	-2.020	22.705
8361.860	-2.020	22.119
8361.870	-1.910	22.119
8361.880	-1.910	21.240
8361.890	-1.910	20.435
8361.900	-1.840	20.435
8361.910	-1.840	20.508
8361.920	-1.840	19.995
8361.930	-1.730	19.409
8361.940	-1.730	18.970
8361.950	-1.730	18.604
8361.960	-1.590	18.164
8361.970	-1.590	17.651
8361.980	-1.590	17.651
8361.990	-1.500	17.212
8362.000	-1.500	16.846
8362.010	-1.500	16.333
8362.020	-1.410	15.747
8362.030	-1.410	15.820
8362.040	-1.410	15.527
8362.050	-1.320	14.795
8362.060	-1.320	14.429
8362.070	-1.320	14.429
8362.080	-1.250	13.403
8362.090	-1.250	13.403
8362.100	-1.250	13.403
8362.110	-1.140	13.110
8362.120	-1.140	12.891
8362.130	-1.140	12.378
8362.140	-1.060	12.085
8362.150	-1.060	11.938
8362.160	-1.060	11.646
8362.170	-0.980	11.206
8362.180	-0.980	10.986
8362.190	-0.980	10.400
8362.200	-0.890	10.400
8362.210	-0.890	10.107
8362.220	-0.890	9.668
8362.230	-0.790	9.448
8362.240	-0.790	9.155
8362.250	-0.790	8.862
8362.260	-0.710	8.423
8362.270	-0.710	8.350
8362.280	-0.710	7.837
8362.290	-0.640	7.397
8362.300	-0.640	7.104
8362.310	-0.640	6.885
8362.320	-0.530	6.738
8362.330	-0.530	6.372
8362.340	-0.530	5.859
8362.350	-0.450	5.713
8362.360	-0.450	5.420
8362.370	-0.450	4.907
8362.380	-0.350	4.687
8362.390	-0.350	4.321
8362.400	-0.350	3.955
8362.410	-0.260	3.369
8362.420	-0.260	3.003
8362.430	-0.260	2.637
8362.440	-0.150	2.271
8362.450	-0.150	1.831
8362.460	-0.150	1.465
8362.470	-0.060	1.245
8362.480	-0.060	0.879
8362.490	-0.060	0.659
8362.500	0.030	0.293
8362.510	0.030	0.073
8362.520	0.030	-0.293
8362.530	0.120	-0.513
8362.540	0.120	-0.806
8362.550	0.120	-1.099
8362.560	0.240	-1.392
8362.570	0.240	-1.758
8362.580	0.240	-2.197
8362.590	0.300	-2.563
8362.600	0.300	-2.783
8362.610	0.300	-3.149
8362.620	0.400	-3.589
8362.630	0.400	-4.102
8362.640	0.400	-4.395
8362.650	0.490	-4.614
8362.660	0.490	-4.907
8362.670	0.490	-5.347
8362.680	0.520	-5.493
8362.690	0.520	-5.640
8362.700	0.520	-6.226
8362.710	0.610	-6.519
8362.720	0.610	-6.445
8362.730	0.610	-6.665
8362.740	0.720	-7.031
8362.750	0.720	-7.471
8362.760	0.720	-8.057
8362.770	0.800	-7.910
8362.780	0.800	-8.130
8362.790	0.800	-8.643
8362.800	0.850	-8.569
8362.810	0.850	-9.009
8362.820	0.850	-9.302
8362.830	0.930	-9.668
8362.840	0.930	-9.668
8362.850	0.930	-10.181
8362.860	0.960	-10.034
8362.870	0.960	-10.474
8362.880	0.960	-10.693
8362.890	1.050	-11.133
8362.900	1.050	-11.206
8362.910	1.050	-11.353
8362.920	1.140	-11.719
8362.930	1.140	-12.012
8362.940	1.140	-12.231
8362.950	1.200	-12.671
8362.960	1.200	-12.964
8362.970	1.200	-12.964
8362.980	1.240	-13.184
8362.990	1.240	-13.770
8363.000	1.240	-13.916
8363.010	1.320	-13.916
8363.020	1.320	-14.136
8363.030	1.320	-14.722
8363.040	1.390	-14.722
8363.050	1.390	-14.868
8363.060	1.390	-15.454
8363.070	1.470	-15.454
8363.080	1.470	-15.601
8363.090	1.470	-16.113
8363.100	1.510	-16.113
8363.110	1.510	-16.699
8363.120	1.510	-16.772
8363.130	1.560	-16.772
8363.140	1.560	-17.285
8363.150	1.560	-17.725
8363.160	1.680	-17.725
8363.170	1.680	-17.725
8363.180	1.680	-18.457
8363.190	1.770	-18.457
8363.200	1.770	-18.677
8363.210	1.770	-19.043
8363.220	1.800	-19.043
8363.230	1.800	-19.263
8363.240	1.800	-19.702
8363.250	1.820	-19.702
8363.260	1.820	-19.849
8363.270	1.820	-20.581
8363.280	1.920	-20.581
8363.290	1.920	-20.654
8363.300	1.920	-20.947
8363.310	2.000	-20.947
8363.320	2.000	-21.606
8363.330	2.000	-22.046
8363.340	2.030	-22.046
8363.350	2.030	-22.046
8363.360	2.030	-22.412
8363.370	2.090	-22.412
8363.380	2.090	-22.778
8363.390	2.090	-22.778
8363.400	2.150	-22.998
8363.410	2.150	-23.291
8363.420	2.150	-23.584
8363.430	2.220	-23.804
8363.440	2.220	-23.950
8363.450	2.220	-24.243
8363.460	2.230	-24.316
8363.470	2.230	-24.536
8363.480	2.230	-24.536
8363.490	2.340	-24.902
8363.500	2.340	-24.902
8363.510	2.340	-25.195
8363.520	2.350	-25.269
8363.530	2.350	-25.781
8363.540	2.350	-25.708
8363.550	2.460	-26.074
8363.560	2.460	-26.074
8363.570	2.460	-26.440
8363.580	2.490	-26.660
8363.590	2.490	-27.173
8363.600	2.490	-27.246
8363.610	2.530	-27.246
8363.620	2.530	-27.393
8363.630	2.530	-27.539
8363.640	2.560	-27.905
8363.650	2.560	-28.052
8363.660	2.560	-28.198
8363.670	2.660	-28.345
8363.680	2.660	-28.638
8363.690	2.660	-28.418
8363.700	2.650	-28.638
8363.710	2.650	-29.004
8363.720	2.650	-29.297
8363.730	2.750	-29.370
8363.740	2.750	-29.370
8363.750	2.750	-29.590
8363.760	2.750	-30.103
8363.770	2.750	-29.956
8363.780	2.750	-29.883
8363.790	2.840	-30.542
8363.800	2.840	-30.396
8363.810	2.840	-30.688
8363.820	2.850	-30.981
8363.830	2.850	-30.762
8363.840	2.850	-31.055
8363.850	2.850	-31.421
8363.860	2.850	-31.055
8363.870	2.850	-31.641
8363.880	2.950	-31.934
8363.890	2.950	-31.641
8363.900	2.950	-32.080
8363.910	2.990	-32.300
8363.920	2.990	-32.227
8363.930	2.990	-32.446
8363.940	2.970	-32.520
8363.950	2.970	-32.446
8363.960	2.970	-32.812
8363.970	3.070	-33.105
8363.980	3.070	-33.032
8363.990	3.070	-33.472
8364.000	3.070	-33.252
8364.010	3.070	-33.105
8364.020	3.070	-33.472
8364.030	3.080	-33.691
8364.040	3.080	-33.765
8364.050	3.080	-33.691
8364.060	3.130	-34.204
8364.070	3.130	-33.765
8364.080	3.130	-34.131
8364.090	3.180	-34.058
8364.100	3.180	-34.644
8364.110	3.180	-34.644
8364.120	3.230	-34.644
8364.130	3.230	-34.717
8364.140	3.230	-35.156
8364.150	3.190	-35.303
8364.160	3.190	-35.083
8364.170	3.190	-35.303
8364.180	3.230	-35.522
8364.190	3.230	-35.303
8364.200	3.230	-35.303
8364.210	3.280	-35.669
8364.220	3.280	-35.669
8364.230	3.280	-35.815
8364.240	3.310	-35.669
8364.250	3.310	-35.669
8364.260	3.310	-35.889
8364.270	3.300	-36.108
8364.280	3.300	-35.742
8364.290	3.300	-35.962
8364.300	3.280	-35.962
8364.310	3.280	-36.328
8364.320	3.280	-36.108
8364.330	3.320	-36.108
8364.340	3.320	-36.108
8364.350	3.320	-36.475
8364.360	3.360	-36.475
8364.370	3.360	-36.328
8364.380	3.360	-36.475
8364.390	3.380	-36.475
8364.400	3.380	-36.841
8364.410	3.380	-36.548
8364.420	3.370	-36.841
8364.430	3.370	-36.768
8364.440	3.370	-36.914
8364.450	3.360	-36.914
8364.460	3.360	-36.621
8364.470	3.360	-36.694
8364.480	3.330	-36.694
8364.490	3.330	-36.987
8364.500	3.330	-36.694
8364.510	3.270	-36.694
8364.520	3.270	-36.841
8364.530	3.270	-36.987
8364.540	3.360	-36.987
8364.550	3.360	-36.548
8364.560	3.360	-36.694
8364.570	3.390	-36.694
8364.580	3.390	-36.841
8364.590	3.390	-36.401
8364.600	3.380	-36.401
8364.610	3.380	-36.621
8364.620	3.380	-36.768
8364.630	3.360	-36.768
8364.640	3.360	-36.401
8364.650	3.360	-36.255
8364.660	3.310	-36.255
8364.670	3.310	-36.475
8364.680	3.310	-35.962
8364.690	3.260	-35.962
8364.700	3.260	-36.328
8364.710	3.260	-36.108
8364.720	3.280	-36.621
8364.730	3.280	-35.889
8364.740	3.280	-35.962
8364.750	3.290	-35.815
8364.760	3.290	-36.108
8364.770	3.290	-35.669
8364.780	3.300	-35.815
8364.790	3.300	-35.669
8364.800	3.300	-35.889
8364.810	3.290	-35.522
8364.820	3.290	-35.083
8364.830	3.290	-35.229
8364.840	3.240	-35.449
8364.850	3.240	-35.156
8364.860	3.240	-35.010
8364.870	3.180	-35.083
8364.880	3.180	-35.083
8364.890	3.180	-34.937
8364.900	3.140	-34.790
8364.910	3.140	-34.790
8364.920	3.140	-34.863
8364.930	3.150	-34.790
8364.940	3.150	-34.131
8364.950	3.150	-34.570
8364.960	3.150	-34.424
8364.970	3.150	-34.204
8364.980	3.150	-33.691
8364.990	3.130	-34.131
8365.000	3.130	-33.398
8365.010	3.130	-33.398
8365.020	3.080	-33.472
8365.030	3.080	-33.252
8365.040	3.080	-33.398
8365.050	2.980	-33.105
8365.060	2.980	-32.886
8365.070	2.980	-32.886
8365.080	3.000	-32.886
8365.090	3.000	-32.593
8365.100	3.000	-32.666
8365.110	2.990	-32.666
8365.120	2.990	-32.300
8365.130	2.990	-32.300
8365.140	2.940	-32.007
8365.150	2.940	-32.153
8365.160	2.940	-31.787
8365.170	2.860	-31.714
8365.180	2.860	-31.787
8365.190	2.860	-31.274
8365.200	2.790	-31.274
8365.210	2.790	-31.348
8365.220	2.790	-30.835
8365.230	2.780	-30.835
8365.240	2.780	-30.762
8365.250	2.780	-30.249
8365.260	2.750	-30.469
8365.270	2.750	-30.103
8365.280	2.750	-29.663
8365.290	2.670	-30.103
8365.300	2.670	-29.663
8365.310	2.670	-29.224
8365.320	2.660	-29.443
8365.330	2.660	-29.150
8365.340	2.660	-29.077
8365.350	2.650	-28.857
8365.360	2.650	-28.491
8365.370	2.650	-28.491
8365.380	2.550	-28.784
8365.390	2.550	-28.125
8365.400	2.550	-27.905
8365.410	2.470	-27.905
8365.420	2.470	-27.393
8365.430	2.470	-27.246
8365.440	2.480	-27.100
8365.450	2.480	-26.880
8365.460	2.480	-27.026
8365.470	2.360	-26.660
8365.480	2.360	-26.074
8365.490	2.360	-25.854
8365.500	2.360	-26.074
8365.510	2.360	-25.562
8365.520	2.360	-25.488
8365.530	2.300	-25.415
8365.540	2.300	-25.049
8365.550	2.300	-24.902
8365.560	2.190	-24.463
8365.570	2.190	-24.316
8365.580	2.190	-24.097
8365.590	2.190	-23.950
8365.600	2.190	-23.584
8365.610	2.190	-23.511
8365.620	2.100	-23.364
8365.630	2.100	-23.071
8365.640	2.100	-22.925
8365.650	2.060	-22.778
8365.660	2.060	-22.632
8365.670	2.060	-22.266
8365.680	1.940	-21.973
8365.690	1.940	-21.606
8365.700	1.940	-21.387
8365.710	1.930	-21.313
8365.720	1.930	-20.874
8365.730	1.930	-20.801
8365.740	1.800	-20.288
8365.750	1.800	-20.068
8365.760	1.800	-19.629
8365.770	1.790	-19.702
8365.780	1.790	-19.629
8365.790	1.790	-19.336
8365.800	1.670	-19.116
8365.810	1.670	-18.750
8365.820	1.670	-18.530
8365.830	1.590	-18.237
8365.840	1.590	-17.871
8365.850	1.590	-17.578
8365.860	1.560	-17.505
8365.870	1.560	-16.772
8365.880	1.560	-16.406
8365.890	1.450	-16.479
8365.900	1.450	-15.967
8365.910	1.450	-15.747
8365.920	1.350	-15.527
8365.930	1.350	-15.088
8365.940	1.350	-15.015
8365.950	1.320	-14.722
8365.960	1.320	-14.429
8365.970	1.320	-14.209
8365.980	1.210	-14.062
8365.990	1.210	-13.550
8366.000	1.210	-13.550
8366.010	1.130	-12.891
8366.020	1.130	-12.671
8366.030	1.130	-12.305
8366.040	1.020	-12.231
8366.050	1.020	-11.646
8366.060	1.020	-11.206
8366.070	0.960	-11.206
8366.080	0.960	-10.767
8366.090	0.960	-10.620
8366.100	0.900	-9.888
8366.110	0.900	-9.888
8366.120	0.900	-9.448
8366.130	0.810	-9.229
8366.140	0.810	-8.936
8366.150	0.810	-8.789
8366.160	0.710	-8.276
8366.170	0.710	-7.764
8366.180	0.710	-7.471
8366.190	0.630	-7.031
8366.200	0.630	-6.958
8366.210	0.630	-6.592
8366.220	0.540	-6.519
8366.230	0.540	-6.152
8366.240	0.540	-5.127
8366.250	0.440	-5.127
8366.260	0.440	-4.834
8366.270	0.440	-4.102
8366.280	0.340	-4.102
8366.290	0.340	-3.882
8366.300	0.340	-3.149
8366.310	0.240	-3.149
8366.320	0.240	-2.563
8366.330	0.240	-1.904
8366.340	0.120	-1.904
8366.350	0.120	-1.611
8366.360	0.120	-1.392
8366.370	0.000	-1.025
8366.380	0.000	-0.659
8366.390	0.000	-0.146
8366.400	-0.120	0.220
8366.410	-0.120	0.659
8366.420	-0.120	1.099
8366.430	-0.200	1.392
8366.440	-0.200	1.611
8366.450	-0.200	1.904
8366.460	-0.270	2.344
8366.470	-0.270	2.710
8366.480	-0.270	3.223
8366.490	-0.370	3.662
8366.500	-0.370	3.955
8366.510	-0.370	4.321
8366.520	-0.540	4.687
8366.530	-0.540	4.980
8366.540	-0.540	5.347
8366.550	-0.640	5.933
8366.560	-0.640	6.299
8366.570	-0.640	6.592
8366.580	-0.650	6.958
8366.590	-0.650	7.031
8366.600	-0.650	7.251
8366.610	-0.790	7.837
8366.620	-0.790	8.057
8366.630	-0.790	8.716
8366.640	-0.880	8.936
8366.650	-0.880	9.229
8366.660	-0.880	9.595
8366.670	-1.030	10.107
8366.680	-1.030	10.034
8366.690	-1.030	10.547
8366.700	-1.080	11.206
8366.710	-1.080	11.353
8366.720	-1.080	12.085
8366.730	-1.190	12.085
8366.740	-1.190	12.598
8366.750	-1.190	13.257
8366.760	-1.260	13.257
8366.770	-1.260	13.477
8366.780	-1.260	14.648
8366.790	-1.380	14.648
8366.800	-1.380	14.795
8366.810	-1.380	15.601
8366.820	-1.490	15.601
8366.830	-1.490	15.747
8366.840	-1.490	16.553
8366.850	-1.590	16.553
8366.860	-1.590	16.772
8366.870	-1.590	17.578
8366.880	-1.680	17.578
8366.890	-1.680	17.578
8366.900	-1.680	18.677
8366.910	-1.780	18.677
8366.920	-1.780	19.116
8366.930	-1.780	20.142
8366.940	-1.890	20.142
8366.950	-1.890	20.361
8366.960	-1.890	21.167
8366.970	-1.980	21.167
8366.980	-1.980	21.313
8366.990	-1.980	21.899
8367.000	-2.100	21.899
8367.010	-2.100	22.559
8367.020	-2.100	23.071
8367.030	-2.180	23.071
8367.040	-2.180	23.364
8367.050	-2.180	23.657
8367.060	-2.270	24.316
8367.070	-2.270	24.243
8367.080	-2.270	24.756
8367.090	-2.370	24.902
8367.100	-2.370	25.562
8367.110	-2.370	25.488
8367.120	-2.450	26.147
8367.130	-2.450	26.367
8367.140	-2.450	26.440
8367.150	-2.530	26.807
8367.160	-2.530	26.953
8367.170	-2.530	27.612
8367.180	-2.600	27.905
8367.190	-2.600	28.125
8367.200	-2.600	28.491
8367.210	-2.680	28.857
8367.220	-2.680	28.711
8367.230	-2.680	29.077
8367.240	-2.780	29.370
8367.250	-2.780	30.029
8367.260	-2.780	30.176
8367.270	-2.850	30.469
8367.280	-2.850	30.542
8367.290	-2.850	31.201
8367.300	-2.920	31.201
8367.310	-2.920	31.348
8367.320	-2.920	32.153
8367.330	-2.990	32.153
8367.340	-2.990	32.739
8367.350	-2.990	33.105
8367.360	-3.090	33.105
8367.370	-3.090	33.252
8367.380	-3.090	33.618
