%Time [ms]	Commanded Torque [mNm]	Angular Velocity [RPM]	Actual Current [Amp]	%2/10/20262:45 PM
0.000	0.000	0.000	0.000
20.000	20.000	31.250	-0.003
30.000	20.000	31.250	-0.003
40.000	20.000	31.250	-0.003
50.000	20.000	21.484	0.006
60.000	20.000	21.484	0.006
70.000	20.000	21.484	0.006
80.000	20.000	27.344	0.012
90.000	20.000	27.344	0.012
100.000	20.000	27.344	0.012
110.000	20.000	17.578	0.001
120.000	20.000	17.578	0.001
130.000	20.000	17.578	0.001
140.000	20.000	21.484	0.009
150.000	20.000	21.484	0.009
160.000	20.000	21.484	0.009
170.000	20.000	17.578	-0.006
180.000	20.000	17.578	-0.006
190.000	20.000	17.578	-0.006
200.000	20.000	29.297	0.008
210.000	20.000	29.297	0.008
220.000	20.000	29.297	0.008
230.000	20.000	21.484	0.004
240.000	20.000	21.484	0.004
250.000	20.000	21.484	0.004
260.000	20.000	27.344	0.010
270.000	20.000	27.344	0.010
280.000	20.000	27.344	0.010
290.000	20.000	21.484	0.002
300.000	20.000	21.484	0.002
310.000	20.000	21.484	0.002
320.000	20.000	41.016	0.005
330.000	20.000	41.016	0.005
340.000	20.000	41.016	0.005
350.000	20.000	25.391	0.002
360.000	20.000	25.391	0.002
370.000	20.000	25.391	0.002
380.000	20.000	3.906	0.006
390.000	20.000	3.906	0.006
400.000	20.000	3.906	0.006
410.000	20.000	25.391	0.000
420.000	20.000	25.391	0.000
430.000	20.000	25.391	0.000
440.000	20.000	21.484	0.005
450.000	20.000	21.484	0.005
460.000	20.000	21.484	0.005
470.000	20.000	23.437	-0.001
480.000	20.000	23.437	-0.001
490.000	20.000	23.437	-0.001
500.000	20.000	33.203	0.010
510.000	20.000	33.203	0.010
520.000	20.000	33.203	0.010
530.000	20.000	29.297	-0.005
540.000	20.000	29.297	-0.005
550.000	20.000	29.297	-0.005
560.000	20.000	5.859	0.004
570.000	20.000	5.859	0.004
580.000	20.000	5.859	0.004
590.000	20.000	21.484	0.009
600.000	20.000	21.484	0.009
610.000	20.000	21.484	0.009
620.000	20.000	31.250	0.009
630.000	20.000	31.250	0.009
640.000	20.000	31.250	0.009
650.000	20.000	35.156	0.012
660.000	20.000	35.156	0.012
670.000	20.000	35.156	0.012
680.000	20.000	29.297	0.004
690.000	20.000	29.297	0.004
700.000	20.000	29.297	0.004
710.000	20.000	7.812	0.004
720.000	20.000	7.812	0.004
730.000	20.000	7.812	0.004
740.000	20.000	11.719	-0.004
750.000	20.000	11.719	-0.004
760.000	20.000	11.719	-0.004
770.000	20.000	17.578	0.009
780.000	20.000	17.578	0.009
790.000	20.000	17.578	0.009
800.000	20.000	15.625	0.001
810.000	20.000	15.625	0.001
820.000	20.000	15.625	0.001
830.000	20.000	15.625	0.009
840.000	20.000	15.625	0.009
850.000	20.000	15.625	0.009
860.000	20.000	23.437	0.009
870.000	20.000	23.437	0.009
880.000	20.000	23.437	0.009
890.000	20.000	21.484	0.007
900.000	20.000	21.484	0.007
910.000	20.000	21.484	0.007
920.000	20.000	42.969	0.004
930.000	20.000	42.969	0.004
940.000	20.000	42.969	0.004
950.000	20.000	15.625	0.004
960.000	20.000	15.625	0.004
970.000	20.000	15.625	0.004
980.000	20.000	23.437	-0.007
990.000	20.000	23.437	-0.007
1000.000	20.000	23.437	-0.007
1010.000	20.000	29.297	-0.003
1020.000	20.000	29.297	-0.003
1030.000	20.000	29.297	-0.003
1040.000	20.000	21.484	0.012
1050.000	20.000	21.484	0.012
1060.000	20.000	21.484	0.012
1070.000	20.000	13.672	0.006
1080.000	20.000	13.672	0.006
1090.000	20.000	13.672	0.006
1100.000	20.000	27.344	0.334
1110.000	20.000	27.344	0.334
1120.000	20.000	27.344	0.334
1130.000	20.000	29.297	0.504
1140.000	20.000	29.297	0.504
1150.000	20.000	29.297	0.504
1160.000	20.000	82.031	0.565
1170.000	20.000	82.031	0.565
1180.000	20.000	82.031	0.565
1190.000	20.000	132.812	0.594
1200.000	20.000	132.812	0.594
1210.000	20.000	132.812	0.594
1220.000	20.000	191.406	0.601
1230.000	20.000	191.406	0.601
1240.000	20.000	191.406	0.601
1250.000	20.000	246.094	0.610
1260.000	20.000	246.094	0.610
1270.000	20.000	246.094	0.610
1280.000	20.000	296.875	0.614
1290.000	20.000	296.875	0.614
1300.000	20.000	296.875	0.614
1310.000	20.000	361.328	0.613
1320.000	20.000	361.328	0.613
1330.000	20.000	361.328	0.613
1340.000	20.000	402.344	0.604
1350.000	20.000	402.344	0.604
1360.000	20.000	402.344	0.604
1370.000	20.000	455.078	0.606
1380.000	20.000	455.078	0.606
1390.000	20.000	455.078	0.606
1400.000	20.000	513.672	0.604
1410.000	20.000	513.672	0.604
1420.000	20.000	513.672	0.604
1430.000	20.000	591.797	0.604
1440.000	20.000	591.797	0.604
1450.000	20.000	591.797	0.604
1460.000	20.000	568.359	0.620
1470.000	20.000	568.359	0.620
1480.000	20.000	568.359	0.620
1490.000	20.000	630.859	0.604
1500.000	20.000	630.859	0.604
1510.000	20.000	630.859	0.604
1520.000	20.000	683.594	0.605
1530.000	20.000	683.594	0.605
1540.000	20.000	683.594	0.605
1550.000	20.000	753.906	0.609
1560.000	20.000	753.906	0.609
1570.000	20.000	753.906	0.609
1580.000	20.000	757.812	0.614
1590.000	20.000	757.812	0.614
1600.000	20.000	757.812	0.614
1610.000	20.000	804.687	0.610
1620.000	20.000	804.687	0.610
1630.000	20.000	804.687	0.610
1640.000	20.000	853.516	0.603
1650.000	20.000	853.516	0.603
1660.000	20.000	853.516	0.603
1670.000	20.000	921.875	0.607
1680.000	20.000	921.875	0.607
1690.000	20.000	921.875	0.607
1700.000	20.000	951.172	0.602
1710.000	20.000	951.172	0.602
1720.000	20.000	951.172	0.602
1730.000	20.000	1001.953	0.604
1740.000	20.000	1001.953	0.604
1750.000	20.000	1001.953	0.604
1760.000	20.000	1035.156	0.631
1770.000	20.000	1035.156	0.631
1780.000	20.000	1035.156	0.631
1790.000	20.000	1080.078	0.631
1800.000	20.000	1080.078	0.631
1810.000	20.000	1080.078	0.631
1820.000	20.000	1117.187	0.603
1830.000	20.000	1117.187	0.603
1840.000	20.000	1117.187	0.603
1850.000	20.000	1222.656	0.607
1860.000	20.000	1222.656	0.607
1870.000	20.000	1222.656	0.607
1880.000	20.000	1212.891	0.602
1890.000	20.000	1212.891	0.602
1900.000	20.000	1212.891	0.602
1910.000	20.000	1250.000	0.623
1920.000	20.000	1250.000	0.623
1930.000	20.000	1250.000	0.623
1940.000	20.000	1335.937	0.606
1950.000	20.000	1335.937	0.606
1960.000	20.000	1335.937	0.606
1970.000	20.000	1367.187	0.615
1980.000	20.000	1367.187	0.615
1990.000	20.000	1367.187	0.615
2000.000	20.000	1386.719	0.623
2010.000	20.000	1386.719	0.623
2020.000	20.000	1386.719	0.623
2030.000	20.000	1443.359	0.620
2040.000	20.000	1443.359	0.620
2050.000	20.000	1443.359	0.620
2060.000	20.000	1507.812	0.598
2070.000	20.000	1507.812	0.598
2080.000	20.000	1507.812	0.598
2090.000	20.000	1548.828	0.620
2100.000	20.000	1548.828	0.620
2110.000	20.000	1548.828	0.620
2120.000	20.000	1574.219	0.600
2130.000	20.000	1574.219	0.600
2140.000	20.000	1574.219	0.600
2150.000	20.000	1632.812	0.603
2160.000	20.000	1632.812	0.603
2170.000	20.000	1632.812	0.603
2180.000	20.000	1664.062	0.616
2190.000	20.000	1664.062	0.616
2200.000	20.000	1664.062	0.616
2210.000	20.000	1697.266	0.592
2220.000	20.000	1697.266	0.592
2230.000	20.000	1697.266	0.592
2240.000	20.000	1746.094	0.609
2250.000	20.000	1746.094	0.609
2260.000	20.000	1746.094	0.609
2270.000	20.000	1804.687	0.602
2280.000	20.000	1804.687	0.602
2290.000	20.000	1804.687	0.602
2300.000	20.000	1828.125	0.608
2310.000	20.000	1828.125	0.608
2320.000	20.000	1828.125	0.608
2330.000	20.000	1871.094	0.604
2340.000	20.000	1871.094	0.604
2350.000	20.000	1871.094	0.604
2360.000	20.000	1937.500	0.615
2370.000	20.000	1937.500	0.615
2380.000	20.000	1937.500	0.615
2390.000	20.000	1982.422	0.628
2400.000	20.000	1982.422	0.628
2410.000	20.000	1982.422	0.628
2420.000	20.000	1957.031	0.596
2430.000	20.000	1957.031	0.596
2440.000	20.000	1957.031	0.596
2450.000	20.000	2066.406	0.606
2460.000	20.000	2066.406	0.606
2470.000	20.000	2066.406	0.606
2480.000	20.000	2105.469	0.611
2490.000	20.000	2105.469	0.611
2500.000	20.000	2105.469	0.611
2510.000	20.000	2125.000	0.611
2520.000	20.000	2125.000	0.611
2530.000	20.000	2125.000	0.611
2540.000	20.000	2173.828	0.615
2550.000	20.000	2173.828	0.615
2560.000	20.000	2173.828	0.615
2570.000	20.000	2244.141	0.624
2580.000	20.000	2244.141	0.624
2590.000	20.000	2244.141	0.624
2600.000	20.000	2234.375	0.630
2610.000	20.000	2234.375	0.630
2620.000	20.000	2234.375	0.630
2630.000	20.000	2306.641	0.604
2640.000	20.000	2306.641	0.604
2650.000	20.000	2306.641	0.604
2660.000	20.000	2378.906	0.605
2670.000	20.000	2378.906	0.605
2680.000	20.000	2378.906	0.605
2690.000	20.000	2394.531	0.612
2700.000	20.000	2394.531	0.612
2710.000	20.000	2394.531	0.612
2720.000	20.000	2404.297	0.613
2730.000	20.000	2404.297	0.613
2740.000	20.000	2404.297	0.613
2750.000	20.000	2466.797	0.610
2760.000	20.000	2466.797	0.610
2770.000	20.000	2466.797	0.610
2780.000	20.000	2533.203	0.603
2790.000	20.000	2533.203	0.603
2800.000	20.000	2533.203	0.603
2810.000	20.000	2562.500	0.618
2820.000	20.000	2562.500	0.618
2830.000	20.000	2562.500	0.618
2840.000	20.000	2607.422	0.592
2850.000	20.000	2607.422	0.592
2860.000	20.000	2607.422	0.592
2870.000	20.000	2650.391	0.619
2880.000	20.000	2650.391	0.619
2890.000	20.000	2650.391	0.619
2900.000	20.000	2671.875	0.618
2910.000	20.000	2671.875	0.618
2920.000	20.000	2671.875	0.618
2930.000	20.000	2720.703	0.604
2940.000	20.000	2720.703	0.604
2950.000	20.000	2720.703	0.604
2960.000	20.000	2777.344	0.609
2970.000	20.000	2777.344	0.609
2980.000	20.000	2777.344	0.609
2990.000	20.000	2787.109	0.615
3000.000	20.000	2787.109	0.615
3010.000	20.000	2787.109	0.615
3020.000	20.000	2835.937	0.604
3030.000	20.000	2835.937	0.604
3040.000	20.000	2835.937	0.604
3050.000	20.000	2898.437	0.627
3060.000	20.000	2898.437	0.627
3070.000	20.000	2898.437	0.627
3080.000	20.000	2914.062	0.618
3090.000	20.000	2914.062	0.618
3100.000	20.000	2914.062	0.618
3110.000	20.000	2978.516	0.609
3120.000	20.000	2978.516	0.609
3130.000	20.000	2978.516	0.609
3140.000	20.000	3021.484	0.605
3150.000	20.000	3021.484	0.605
3160.000	20.000	3021.484	0.605
3170.000	20.000	2972.656	0.598
3180.000	20.000	2972.656	0.598
3190.000	20.000	2972.656	0.598
3200.000	20.000	3068.359	0.614
3210.000	20.000	3068.359	0.614
3220.000	20.000	3068.359	0.614
3230.000	20.000	3109.375	0.592
3240.000	20.000	3109.375	0.592
3250.000	20.000	3109.375	0.592
3260.000	20.000	3142.578	0.601
3270.000	20.000	3142.578	0.601
3280.000	20.000	3142.578	0.601
3290.000	20.000	3214.844	0.610
3300.000	20.000	3214.844	0.610
3310.000	20.000	3214.844	0.610
3320.000	20.000	3273.437	0.604
3330.000	20.000	3273.437	0.604
3340.000	20.000	3273.437	0.604
3350.000	20.000	3263.672	0.593
3360.000	20.000	3263.672	0.593
3370.000	20.000	3263.672	0.593
3380.000	20.000	3287.109	0.619
3390.000	20.000	3287.109	0.619
3400.000	20.000	3287.109	0.619
3410.000	20.000	3341.797	0.614
3420.000	20.000	3341.797	0.614
3430.000	20.000	3341.797	0.614
3440.000	20.000	3386.719	0.591
3450.000	20.000	3386.719	0.591
3460.000	20.000	3386.719	0.591
3470.000	20.000	3419.922	0.610
3480.000	20.000	3419.922	0.610
3490.000	20.000	3419.922	0.610
3500.000	20.000	3484.375	0.612
3510.000	20.000	3484.375	0.612
3520.000	20.000	3484.375	0.612
3530.000	20.000	3498.047	0.602
3540.000	20.000	3498.047	0.602
3550.000	20.000	3498.047	0.602
3560.000	20.000	3550.781	0.601
3570.000	20.000	3550.781	0.601
3580.000	20.000	3550.781	0.601
3590.000	20.000	3605.469	0.603
3600.000	20.000	3605.469	0.603
3610.000	20.000	3605.469	0.603
3620.000	20.000	3654.297	0.586
3630.000	20.000	3654.297	0.586
3640.000	20.000	3654.297	0.586
3650.000	20.000	3617.187	0.586
3660.000	20.000	3617.187	0.586
3670.000	20.000	3617.187	0.586
3680.000	20.000	3691.406	0.588
3690.000	20.000	3691.406	0.588
3700.000	20.000	3691.406	0.588
3710.000	20.000	3736.328	0.600
3720.000	20.000	3736.328	0.600
3730.000	20.000	3736.328	0.600
3740.000	20.000	3783.203	0.611
3750.000	20.000	3783.203	0.611
3760.000	20.000	3783.203	0.611
3770.000	20.000	3835.937	0.610
3780.000	20.000	3835.937	0.610
3790.000	20.000	3835.937	0.610
3800.000	20.000	3857.422	0.588
3810.000	20.000	3857.422	0.588
3820.000	20.000	3857.422	0.588
3830.000	20.000	3892.578	0.589
3840.000	20.000	3892.578	0.589
3850.000	20.000	3892.578	0.589
3860.000	20.000	3910.156	0.592
3870.000	20.000	3910.156	0.592
3880.000	20.000	3910.156	0.592
3890.000	20.000	3960.937	0.603
3900.000	20.000	3960.937	0.603
3910.000	20.000	3960.937	0.603
3920.000	20.000	3998.047	0.604
3930.000	20.000	3998.047	0.604
3940.000	20.000	3998.047	0.604
3950.000	20.000	3998.047	0.598
3960.000	20.000	3998.047	0.598
3970.000	20.000	3998.047	0.598
3980.000	20.000	3998.047	0.626
3990.000	20.000	3998.047	0.626
4000.000	20.000	3998.047	0.626
4010.000	20.000	3998.047	0.594
4020.000	20.000	3998.047	0.594
4030.000	20.000	3998.047	0.594
4040.000	20.000	3998.047	0.629
4050.000	20.000	3998.047	0.629
4060.000	20.000	3998.047	0.629
4070.000	20.000	3998.047	0.491
4080.000	20.000	3998.047	0.491
4090.000	20.000	3998.047	0.491
4100.000	20.000	3998.047	0.257
4110.000	20.000	3998.047	0.257
4120.000	20.000	3998.047	0.257
4130.000	20.000	3998.047	0.067
4140.000	20.000	3998.047	0.067
4150.000	20.000	3998.047	0.067
4160.000	20.000	3998.047	-0.075
4170.000	20.000	3998.047	-0.075
4180.000	20.000	3998.047	-0.075
4190.000	20.000	3998.047	-0.231
4200.000	20.000	3998.047	-0.231
4210.000	20.000	3998.047	-0.231
4220.000	20.000	3998.047	-0.288
4230.000	20.000	3998.047	-0.288
4240.000	20.000	3998.047	-0.288
4250.000	20.000	3998.047	-0.260
4260.000	20.000	3998.047	-0.260
4270.000	20.000	3998.047	-0.260
4280.000	20.000	3998.047	-0.159
4290.000	20.000	3998.047	-0.159
4300.000	20.000	3998.047	-0.159
4310.000	20.000	3998.047	-0.060
4320.000	20.000	3998.047	-0.060
4330.000	20.000	3998.047	-0.060
4340.000	20.000	3998.047	0.054
4350.000	20.000	3998.047	0.054
4360.000	20.000	3998.047	0.054
4370.000	20.000	3980.469	0.209
4380.000	20.000	3980.469	0.209
4390.000	20.000	3980.469	0.209
4400.000	20.000	3998.047	0.367
4410.000	20.000	3998.047	0.367
4420.000	20.000	3998.047	0.367
4430.000	20.000	3998.047	0.473
4440.000	20.000	3998.047	0.473
4450.000	20.000	3998.047	0.473
4460.000	20.000	3998.047	0.527
4470.000	20.000	3998.047	0.527
4480.000	20.000	3998.047	0.527
4490.000	20.000	3998.047	0.470
4500.000	20.000	3998.047	0.470
4510.000	20.000	3998.047	0.470
4520.000	20.000	3998.047	0.404
4530.000	20.000	3998.047	0.404
4540.000	20.000	3998.047	0.404
4550.000	20.000	3998.047	0.297
4560.000	20.000	3998.047	0.297
4570.000	20.000	3998.047	0.297
4580.000	20.000	3998.047	0.202
4590.000	20.000	3998.047	0.202
4600.000	20.000	3998.047	0.202
4610.000	20.000	3998.047	0.146
4620.000	20.000	3998.047	0.146
4630.000	20.000	3998.047	0.146
4640.000	20.000	3998.047	0.093
4650.000	20.000	3998.047	0.093
4660.000	20.000	3998.047	0.093
4670.000	20.000	3998.047	0.060
4680.000	20.000	3998.047	0.060
4690.000	20.000	3998.047	0.060
4700.000	20.000	3998.047	0.042
4710.000	20.000	3998.047	0.042
4720.000	20.000	3998.047	0.042
4730.000	20.000	3998.047	0.048
4740.000	20.000	3998.047	0.048
4750.000	20.000	3998.047	0.048
4760.000	20.000	3998.047	0.066
4770.000	20.000	3998.047	0.066
4780.000	20.000	3998.047	0.066
4790.000	20.000	3998.047	0.085
4800.000	20.000	3998.047	0.085
4810.000	20.000	3998.047	0.085
4820.000	20.000	3998.047	0.141
4830.000	20.000	3998.047	0.141
4840.000	20.000	3998.047	0.141
4850.000	20.000	3998.047	0.197
4860.000	20.000	3998.047	0.197
4870.000	20.000	3998.047	0.197
4880.000	20.000	3998.047	0.245
4890.000	20.000	3998.047	0.245
4900.000	20.000	3998.047	0.245
4910.000	20.000	3998.047	0.295
4920.000	20.000	3998.047	0.295
4930.000	20.000	3998.047	0.295
4940.000	20.000	3998.047	0.302
4950.000	20.000	3998.047	0.302
4960.000	20.000	3998.047	0.302
4970.000	20.000	3998.047	0.285
4980.000	20.000	3998.047	0.285
4990.000	20.000	3998.047	0.285
5000.000	20.000	3998.047	0.269
5010.000	20.000	3998.047	0.269
5020.000	20.000	3998.047	0.269
5030.000	20.000	3998.047	0.235
5040.000	20.000	3998.047	0.235
5050.000	20.000	3998.047	0.235
5060.000	20.000	3998.047	0.213
5070.000	20.000	3998.047	0.213
5080.000	20.000	3998.047	0.213
5090.000	20.000	3998.047	0.170
5100.000	20.000	3998.047	0.170
5110.000	20.000	3998.047	0.170
5120.000	20.000	3998.047	0.135
5130.000	20.000	3998.047	0.135
5140.000	20.000	3998.047	0.135
5150.000	20.000	3998.047	0.134
5160.000	20.000	3998.047	0.134
5170.000	20.000	3998.047	0.134
5180.000	20.000	3998.047	0.131
5190.000	20.000	3998.047	0.131
5200.000	20.000	3998.047	0.131
5210.000	20.000	3998.047	0.129
5220.000	20.000	3998.047	0.129
5230.000	20.000	3998.047	0.129
5240.000	20.000	3998.047	0.130
5250.000	20.000	3998.047	0.130
5260.000	20.000	3998.047	0.130
5270.000	20.000	3998.047	0.162
5280.000	20.000	3998.047	0.162
5290.000	20.000	3998.047	0.162
5300.000	20.000	3998.047	0.196
5310.000	20.000	3998.047	0.196
5320.000	20.000	3998.047	0.196
5330.000	20.000	3998.047	0.204
5340.000	20.000	3998.047	0.204
5350.000	20.000	3998.047	0.204
5360.000	20.000	3998.047	0.234
5370.000	20.000	3998.047	0.234
5380.000	20.000	3998.047	0.234
5390.000	20.000	3998.047	0.225
5400.000	20.000	3998.047	0.225
5410.000	20.000	3998.047	0.225
5420.000	20.000	3998.047	0.225
5430.000	20.000	3998.047	0.225
5440.000	20.000	3998.047	0.225
5450.000	20.000	3998.047	0.220
5460.000	20.000	3998.047	0.220
5470.000	20.000	3998.047	0.220
5480.000	20.000	3998.047	0.212
5490.000	20.000	3998.047	0.212
5500.000	20.000	3998.047	0.212
5510.000	20.000	3998.047	0.197
5520.000	20.000	3998.047	0.197
5530.000	20.000	3998.047	0.197
5540.000	20.000	3998.047	0.185
5550.000	20.000	3998.047	0.185
5560.000	20.000	3998.047	0.185
5570.000	20.000	3998.047	0.186
5580.000	20.000	3998.047	0.186
5590.000	20.000	3998.047	0.186
5600.000	20.000	3998.047	0.173
5610.000	20.000	3998.047	0.173
5620.000	20.000	3998.047	0.173
5630.000	20.000	3998.047	0.174
5640.000	20.000	3998.047	0.174
5650.000	20.000	3998.047	0.174
5660.000	20.000	3998.047	0.179
5670.000	20.000	3998.047	0.179
5680.000	20.000	3998.047	0.179
5690.000	20.000	3998.047	0.175
5700.000	20.000	3998.047	0.175
5710.000	20.000	3998.047	0.175
5720.000	20.000	3998.047	0.193
5730.000	20.000	3998.047	0.193
5740.000	20.000	3998.047	0.193
5750.000	20.000	3998.047	0.187
5760.000	20.000	3998.047	0.187
5770.000	20.000	3998.047	0.187
5780.000	20.000	3998.047	0.202
5790.000	20.000	3998.047	0.202
5800.000	20.000	3998.047	0.202
5810.000	20.000	3998.047	0.204
5820.000	20.000	3998.047	0.204
5830.000	20.000	3998.047	0.204
5840.000	20.000	3998.047	0.205
5850.000	20.000	3998.047	0.205
5860.000	20.000	3998.047	0.205
5870.000	20.000	3998.047	0.197
5880.000	20.000	3998.047	0.197
5890.000	20.000	3998.047	0.197
5900.000	20.000	3998.047	0.184
5910.000	20.000	3998.047	0.184
5920.000	20.000	3998.047	0.184
5930.000	20.000	3998.047	0.189
5940.000	20.000	3998.047	0.189
5950.000	20.000	3998.047	0.189
5960.000	20.000	3998.047	0.198
5970.000	20.000	3998.047	0.198
5980.000	20.000	3998.047	0.198
5990.000	20.000	3998.047	0.174
6000.000	20.000	3998.047	0.174
6010.000	20.000	3998.047	0.174
6020.000	20.000	3998.047	0.190
6030.000	20.000	3998.047	0.190
6040.000	20.000	3998.047	0.190
6050.000	20.000	3998.047	0.184
6060.000	20.000	3998.047	0.184
6070.000	20.000	3998.047	0.184
6080.000	20.000	3998.047	0.198
6090.000	20.000	3998.047	0.198
6100.000	20.000	3998.047	0.198
6110.000	20.000	3998.047	0.180
6120.000	20.000	3998.047	0.180
6130.000	20.000	3998.047	0.180
6140.000	20.000	3998.047	0.202
6150.000	20.000	3998.047	0.202
6160.000	20.000	3998.047	0.202
6170.000	20.000	3998.047	0.191
6180.000	20.000	3998.047	0.191
6190.000	20.000	3998.047	0.191
6200.000	20.000	3998.047	0.178
6210.000	20.000	3998.047	0.178
6220.000	20.000	3998.047	0.178
6230.000	20.000	3998.047	0.186
6240.000	20.000	3998.047	0.186
6250.000	20.000	3998.047	0.186
6260.000	20.000	3998.047	0.205
6270.000	20.000	3998.047	0.205
6280.000	20.000	3998.047	0.205
6290.000	20.000	3998.047	0.189
6300.000	20.000	3998.047	0.189
6310.000	20.000	3998.047	0.189
6320.000	20.000	3998.047	0.208
6330.000	20.000	3998.047	0.208
6340.000	20.000	3998.047	0.208
6350.000	20.000	3998.047	0.173
6360.000	20.000	3998.047	0.173
6370.000	20.000	3998.047	0.173
6380.000	20.000	3998.047	0.189
6390.000	20.000	3998.047	0.189
6400.000	20.000	3998.047	0.189
6410.000	20.000	3998.047	0.190
6420.000	20.000	3998.047	0.190
6430.000	20.000	3998.047	0.190
6440.000	20.000	3998.047	0.184
6450.000	20.000	3998.047	0.184
6460.000	20.000	3998.047	0.184
6470.000	20.000	3998.047	0.175
6480.000	20.000	3998.047	0.175
6490.000	20.000	3998.047	0.175
6500.000	20.000	3998.047	0.163
6510.000	20.000	3998.047	0.163
6520.000	20.000	3998.047	0.163
6530.000	20.000	3998.047	0.177
6540.000	20.000	3998.047	0.177
6550.000	20.000	3998.047	0.177
6560.000	20.000	3998.047	0.194
6570.000	20.000	3998.047	0.194
6580.000	20.000	3998.047	0.194
6590.000	20.000	3998.047	0.195
6600.000	20.000	3998.047	0.195
6610.000	20.000	3998.047	0.195
6620.000	20.000	3998.047	0.195
6630.000	20.000	3998.047	0.195
6640.000	20.000	3998.047	0.195
6650.000	20.000	3998.047	0.199
6660.000	20.000	3998.047	0.199
6670.000	20.000	3998.047	0.199
6680.000	20.000	3998.047	0.200
6690.000	20.000	3998.047	0.200
6700.000	20.000	3998.047	0.200
6710.000	20.000	3998.047	0.181
6720.000	20.000	3998.047	0.181
6730.000	20.000	3998.047	0.181
6740.000	20.000	3998.047	0.194
6750.000	20.000	3998.047	0.194
6760.000	20.000	3998.047	0.194
6770.000	20.000	3998.047	0.190
6780.000	20.000	3998.047	0.190
6790.000	20.000	3998.047	0.190
6800.000	20.000	3998.047	0.190
6810.000	20.000	3998.047	0.190
6820.000	20.000	3998.047	0.190
6830.000	20.000	3998.047	0.200
6840.000	20.000	3998.047	0.200
6850.000	20.000	3998.047	0.200
6860.000	20.000	3998.047	0.193
6870.000	20.000	3998.047	0.193
6880.000	20.000	3998.047	0.193
6890.000	20.000	3998.047	0.189
6900.000	20.000	3998.047	0.189
6910.000	20.000	3998.047	0.189
6920.000	20.000	3998.047	0.194
6930.000	20.000	3998.047	0.194
6940.000	20.000	3998.047	0.194
6950.000	20.000	3998.047	0.183
6960.000	20.000	3998.047	0.183
6970.000	20.000	3998.047	0.183
6980.000	20.000	3998.047	0.183
6990.000	20.000	3998.047	0.183
7000.000	20.000	3998.047	0.183
7010.000	20.000	3998.047	0.190
7020.000	20.000	3998.047	0.190
7030.000	20.000	3998.047	0.190
7040.000	20.000	3998.047	0.192
7050.000	20.000	3998.047	0.192
7060.000	20.000	3998.047	0.192
7070.000	20.000	3998.047	0.192
7080.000	20.000	3998.047	0.192
7090.000	20.000	3998.047	0.192
7100.000	20.000	3998.047	0.175
7110.000	20.000	3998.047	0.175
7120.000	20.000	3998.047	0.175
7130.000	20.000	3998.047	0.195
7140.000	20.000	3998.047	0.195
7150.000	20.000	3998.047	0.195
7160.000	20.000	3998.047	0.196
7170.000	20.000	3998.047	0.196
7180.000	20.000	3998.047	0.196
7190.000	20.000	3998.047	0.186
7200.000	20.000	3998.047	0.186
7210.000	20.000	3998.047	0.186
7220.000	20.000	3998.047	0.189
7230.000	20.000	3998.047	0.189
7240.000	20.000	3998.047	0.189
7250.000	20.000	3998.047	0.181
7260.000	20.000	3998.047	0.181
7270.000	20.000	3998.047	0.181
7280.000	20.000	3998.047	0.186
7290.000	20.000	3998.047	0.186
7300.000	20.000	3998.047	0.186
7310.000	20.000	3998.047	0.169
7320.000	20.000	3998.047	0.169
7330.000	20.000	3998.047	0.169
7340.000	20.000	3998.047	0.194
7350.000	20.000	3998.047	0.194
7360.000	20.000	3998.047	0.194
7370.000	20.000	3998.047	0.191
7380.000	20.000	3998.047	0.191
7390.000	20.000	3998.047	0.191
7400.000	20.000	3998.047	0.187
7410.000	20.000	3998.047	0.187
7420.000	20.000	3998.047	0.187
7430.000	20.000	3998.047	0.176
7440.000	20.000	3998.047	0.176
7450.000	20.000	3998.047	0.176
7460.000	20.000	3998.047	0.184
7470.000	20.000	3998.047	0.184
7480.000	20.000	3998.047	0.184
7490.000	20.000	3998.047	0.187
7500.000	20.000	3998.047	0.187
7510.000	20.000	3998.047	0.187
7520.000	20.000	3998.047	0.189
7530.000	20.000	3998.047	0.189
7540.000	20.000	3998.047	0.189
7550.000	20.000	3998.047	0.194
7560.000	20.000	3998.047	0.194
7570.000	20.000	3998.047	0.194
7580.000	20.000	3998.047	0.187
7590.000	20.000	3998.047	0.187
7600.000	20.000	3998.047	0.187
7610.000	20.000	3998.047	0.199
7620.000	20.000	3998.047	0.199
7630.000	20.000	3998.047	0.199
7640.000	20.000	3998.047	0.204
7650.000	20.000	3998.047	0.204
7660.000	20.000	3998.047	0.204
7670.000	20.000	3998.047	0.194
7680.000	20.000	3998.047	0.194
7690.000	20.000	3998.047	0.194
7700.000	20.000	3998.047	0.199
7710.000	20.000	3998.047	0.199
7720.000	20.000	3998.047	0.199
7730.000	20.000	3998.047	0.203
7740.000	20.000	3998.047	0.203
7750.000	20.000	3998.047	0.203
7760.000	20.000	3998.047	0.204
7770.000	20.000	3998.047	0.204
7780.000	20.000	3998.047	0.204
7790.000	20.000	3998.047	0.189
7800.000	20.000	3998.047	0.189
7810.000	20.000	3998.047	0.189
7820.000	20.000	3998.047	0.187
7830.000	20.000	3998.047	0.187
7840.000	20.000	3998.047	0.187
7850.000	20.000	3998.047	0.176
7860.000	20.000	3998.047	0.176
7870.000	20.000	3998.047	0.176
7880.000	20.000	3998.047	0.184
7890.000	20.000	3998.047	0.184
7900.000	20.000	3998.047	0.184
7910.000	20.000	3998.047	0.184
7920.000	20.000	3998.047	0.184
7930.000	20.000	3998.047	0.184
7940.000	20.000	3998.047	0.197
7950.000	20.000	3998.047	0.197
7960.000	20.000	3998.047	0.197
7970.000	20.000	3998.047	0.172
7980.000	20.000	3998.047	0.172
7990.000	20.000	3998.047	0.172
8000.000	20.000	3998.047	0.186
8010.000	20.000	3998.047	0.186
8020.000	20.000	3998.047	0.186
8030.000	20.000	3998.047	0.187
8040.000	20.000	3998.047	0.187
8050.000	20.000	3998.047	0.187
8060.000	20.000	3998.047	0.193
8070.000	20.000	3998.047	0.193
8080.000	20.000	3998.047	0.193
8090.000	20.000	3998.047	0.193
8100.000	20.000	3998.047	0.193
8110.000	20.000	3998.047	0.193
8120.000	20.000	3998.047	0.193
8130.000	20.000	3998.047	0.193
8140.000	20.000	3998.047	0.193
8150.000	20.000	3998.047	0.189
8160.000	20.000	3998.047	0.189
8170.000	20.000	3998.047	0.189
8180.000	20.000	3998.047	0.207
8190.000	20.000	3998.047	0.207
8200.000	20.000	3998.047	0.207
8210.000	20.000	3998.047	0.194
8220.000	20.000	3998.047	0.194
8230.000	20.000	3998.047	0.194
8240.000	20.000	3998.047	0.200
8250.000	20.000	3998.047	0.200
8260.000	20.000	3998.047	0.200
8270.000	20.000	3998.047	0.190
8280.000	20.000	3998.047	0.190
8290.000	20.000	3998.047	0.190
8300.000	20.000	3998.047	0.201
8310.000	20.000	3998.047	0.201
8320.000	20.000	3998.047	0.201
8330.000	20.000	3998.047	0.179
8340.000	20.000	3998.047	0.179
8350.000	20.000	3998.047	0.179
8360.000	20.000	3998.047	0.184
8370.000	20.000	3998.047	0.184
8380.000	20.000	3998.047	0.184
8390.000	20.000	3998.047	0.185
8400.000	20.000	3998.047	0.185
8410.000	20.000	3998.047	0.185
8420.000	20.000	3998.047	0.178
8430.000	20.000	3998.047	0.178
8440.000	20.000	3998.047	0.178
8450.000	20.000	3998.047	0.184
8460.000	20.000	3998.047	0.184
8470.000	20.000	3998.047	0.184
8480.000	20.000	3998.047	0.198
8490.000	20.000	3998.047	0.198
8500.000	20.000	3998.047	0.198
8510.000	20.000	3998.047	0.182
8520.000	20.000	3998.047	0.182
8530.000	20.000	3998.047	0.182
8540.000	20.000	3998.047	0.188
8550.000	20.000	3998.047	0.188
8560.000	20.000	3998.047	0.188
8570.000	20.000	3998.047	0.180
8580.000	20.000	3998.047	0.180
8590.000	20.000	3998.047	0.180
8600.000	20.000	3998.047	0.201
8610.000	20.000	3998.047	0.201
8620.000	20.000	3998.047	0.201
8630.000	20.000	3998.047	0.179
8640.000	20.000	3998.047	0.179
8650.000	20.000	3998.047	0.179
8660.000	20.000	3998.047	0.189
8670.000	20.000	3998.047	0.189
8680.000	20.000	3998.047	0.189
8690.000	20.000	3998.047	0.176
8700.000	20.000	3998.047	0.176
8710.000	20.000	3998.047	0.176
8720.000	20.000	3998.047	0.187
8730.000	20.000	3998.047	0.187
8740.000	20.000	3998.047	0.187
8750.000	20.000	3998.047	0.194
8760.000	20.000	3998.047	0.194
8770.000	20.000	3998.047	0.194
8780.000	20.000	3998.047	0.187
8790.000	20.000	3998.047	0.187
8800.000	20.000	3998.047	0.187
8810.000	20.000	3998.047	0.174
8820.000	20.000	3998.047	0.174
8830.000	20.000	3998.047	0.174
8840.000	20.000	3998.047	0.192
8850.000	20.000	3998.047	0.192
8860.000	20.000	3998.047	0.192
8870.000	20.000	3998.047	0.194
8880.000	20.000	3998.047	0.194
8890.000	20.000	3998.047	0.194
8900.000	20.000	3998.047	0.185
8910.000	20.000	3998.047	0.185
8920.000	20.000	3998.047	0.185
8930.000	20.000	3998.047	0.178
8940.000	20.000	3998.047	0.178
8950.000	20.000	3998.047	0.178
8960.000	20.000	3998.047	0.189
8970.000	20.000	3998.047	0.189
8980.000	20.000	3998.047	0.189
8990.000	20.000	3998.047	0.203
9000.000	20.000	3998.047	0.203
9010.000	20.000	3998.047	0.203
9020.000	20.000	3998.047	0.189
9030.000	20.000	3998.047	0.189
9040.000	20.000	3998.047	0.189
9050.000	20.000	3998.047	0.188
9060.000	20.000	3998.047	0.188
9070.000	20.000	3998.047	0.188
9080.000	20.000	3998.047	0.190
9090.000	20.000	3998.047	0.190
9100.000	20.000	3998.047	0.190
9110.000	20.000	3998.047	0.187
9120.000	20.000	3998.047	0.187
9130.000	20.000	3998.047	0.187
9140.000	20.000	3998.047	0.185
9150.000	20.000	3998.047	0.185
9160.000	20.000	3998.047	0.185
9170.000	20.000	3998.047	0.189
9180.000	20.000	3998.047	0.189
9190.000	20.000	3998.047	0.189
9200.000	20.000	3998.047	0.198
9210.000	20.000	3998.047	0.198
9220.000	20.000	3998.047	0.198
9230.000	20.000	3998.047	0.195
9240.000	20.000	3998.047	0.195
9250.000	20.000	3998.047	0.195
9260.000	20.000	3998.047	0.186
9270.000	20.000	3998.047	0.186
9280.000	20.000	3998.047	0.186
9290.000	20.000	3998.047	0.193
9300.000	20.000	3998.047	0.193
9310.000	20.000	3998.047	0.193
9320.000	20.000	3998.047	0.187
9330.000	20.000	3998.047	0.187
9340.000	20.000	3998.047	0.187
9350.000	20.000	3998.047	0.190
9360.000	20.000	3998.047	0.190
9370.000	20.000	3998.047	0.190
9380.000	20.000	3998.047	0.188
9390.000	20.000	3998.047	0.188
9400.000	20.000	3998.047	0.188
9410.000	20.000	3998.047	0.183
9420.000	20.000	3998.047	0.183
9430.000	20.000	3998.047	0.183
9440.000	20.000	3998.047	0.186
9450.000	20.000	3998.047	0.186
9460.000	20.000	3998.047	0.186
9470.000	20.000	3998.047	0.180
9480.000	20.000	3998.047	0.180
9490.000	20.000	3998.047	0.180
9500.000	20.000	3998.047	0.187
9510.000	20.000	3998.047	0.187
9520.000	20.000	3998.047	0.187
9530.000	20.000	3998.047	0.205
9540.000	20.000	3998.047	0.205
9550.000	20.000	3998.047	0.205
9560.000	20.000	3998.047	0.196
9570.000	20.000	3998.047	0.196
9580.000	20.000	3998.047	0.196
9590.000	20.000	3998.047	0.189
9600.000	20.000	3998.047	0.189
9610.000	20.000	3998.047	0.189
9620.000	20.000	3998.047	0.194
9630.000	20.000	3998.047	0.194
9640.000	20.000	3998.047	0.194
9650.000	20.000	3998.047	0.180
9660.000	20.000	3998.047	0.180
9670.000	20.000	3998.047	0.180
9680.000	20.000	3998.047	0.190
9690.000	20.000	3998.047	0.190
9700.000	20.000	3998.047	0.190
9710.000	20.000	3998.047	0.192
9720.000	20.000	3998.047	0.192
9730.000	20.000	3998.047	0.192
9740.000	20.000	3998.047	0.203
9750.000	20.000	3998.047	0.203
9760.000	20.000	3998.047	0.203
9770.000	20.000	3998.047	0.189
9780.000	20.000	3998.047	0.189
9790.000	20.000	3998.047	0.189
9800.000	20.000	3998.047	0.186
9810.000	20.000	3998.047	0.186
9820.000	20.000	3998.047	0.186
9830.000	20.000	3998.047	0.183
9840.000	20.000	3998.047	0.183
9850.000	20.000	3998.047	0.183
9860.000	20.000	3998.047	0.181
9870.000	20.000	3998.047	0.181
9880.000	20.000	3998.047	0.181
9890.000	20.000	3998.047	0.176
9900.000	20.000	3998.047	0.176
9910.000	20.000	3998.047	0.176
9920.000	20.000	3998.047	0.182
9930.000	20.000	3998.047	0.182
9940.000	20.000	3998.047	0.182
9950.000	20.000	3998.047	0.184
9960.000	20.000	3998.047	0.184
9970.000	20.000	3998.047	0.184
9980.000	20.000	3998.047	0.200
9990.000	20.000	3998.047	0.200
10000.000	20.000	3998.047	0.200
10010.000	20.000	3998.047	0.191
10020.000	20.000	3998.047	0.191
10030.000	20.000	3998.047	0.191
10040.000	20.000	3998.047	0.197
10050.000	20.000	3998.047	0.197
10060.000	20.000	3998.047	0.197
10070.000	20.000	3998.047	0.204
10080.000	20.000	3998.047	0.204
10090.000	20.000	3998.047	0.204
10100.000	20.000	3998.047	0.200
10110.000	20.000	3998.047	0.200
10120.000	20.000	3998.047	0.200
10130.000	20.000	3998.047	0.191
10140.000	20.000	3998.047	0.191
10150.000	20.000	3998.047	0.191
10160.000	20.000	3998.047	0.191
10170.000	20.000	3998.047	0.191
10180.000	20.000	3998.047	0.191
10190.000	20.000	3998.047	0.169
10200.000	20.000	3998.047	0.169
10210.000	20.000	3998.047	0.169
10220.000	20.000	3998.047	0.201
10230.000	20.000	3998.047	0.201
10240.000	20.000	3998.047	0.201
10250.000	20.000	3998.047	0.185
10260.000	20.000	3998.047	0.185
10270.000	20.000	3998.047	0.185
10280.000	20.000	3998.047	0.187
10290.000	20.000	3998.047	0.187
10300.000	20.000	3998.047	0.187
10310.000	20.000	3998.047	0.182
10320.000	20.000	3998.047	0.182
10330.000	20.000	3998.047	0.182
10340.000	20.000	3998.047	0.187
10350.000	20.000	3998.047	0.187
10360.000	20.000	3998.047	0.187
10370.000	20.000	3998.047	0.186
10380.000	20.000	3998.047	0.186
10390.000	20.000	3998.047	0.186
10400.000	20.000	3998.047	0.190
10410.000	20.000	3998.047	0.190
10420.000	20.000	3998.047	0.190
10430.000	20.000	3998.047	0.201
10440.000	20.000	3998.047	0.201
10450.000	20.000	3998.047	0.201
10460.000	20.000	3998.047	0.192
10470.000	20.000	3998.047	0.192
10480.000	20.000	3998.047	0.192
10490.000	20.000	3998.047	0.196
10500.000	20.000	3998.047	0.196
10510.000	20.000	3998.047	0.196
10520.000	20.000	3998.047	0.187
10530.000	20.000	3998.047	0.187
10540.000	20.000	3998.047	0.187
10550.000	20.000	3998.047	0.175
10560.000	20.000	3998.047	0.175
10570.000	20.000	3998.047	0.175
10580.000	20.000	3998.047	0.187
10590.000	20.000	3998.047	0.187
10600.000	20.000	3998.047	0.187
10610.000	20.000	3998.047	0.204
10620.000	20.000	3998.047	0.204
10630.000	20.000	3998.047	0.204
10640.000	20.000	3998.047	0.176
10650.000	20.000	3998.047	0.176
10660.000	20.000	3998.047	0.176
10670.000	20.000	3998.047	0.188
10680.000	20.000	3998.047	0.188
10690.000	20.000	3998.047	0.188
10700.000	20.000	3998.047	0.195
10710.000	20.000	3998.047	0.195
10720.000	20.000	3998.047	0.195
10730.000	20.000	3998.047	0.184
10740.000	20.000	3998.047	0.184
10750.000	20.000	3998.047	0.184
10760.000	20.000	3998.047	0.185
10770.000	20.000	3998.047	0.185
10780.000	20.000	3998.047	0.185
10790.000	20.000	3998.047	0.181
10800.000	20.000	3998.047	0.181
10810.000	20.000	3998.047	0.181
10820.000	20.000	3998.047	0.180
10830.000	20.000	3998.047	0.180
10840.000	20.000	3998.047	0.180
10850.000	20.000	3998.047	0.179
10860.000	20.000	3998.047	0.179
10870.000	20.000	3998.047	0.179
10880.000	20.000	3998.047	0.193
10890.000	20.000	3998.047	0.193
10900.000	20.000	3998.047	0.193
10910.000	20.000	3998.047	0.181
10920.000	20.000	3998.047	0.181
10930.000	20.000	3998.047	0.181
10940.000	20.000	3998.047	0.192
10950.000	20.000	3998.047	0.192
10960.000	20.000	3998.047	0.192
10970.000	20.000	3998.047	0.190
10980.000	20.000	3998.047	0.190
10990.000	20.000	3998.047	0.190
11000.000	20.000	3998.047	0.181
11010.000	20.000	3998.047	0.181
11020.000	20.000	3998.047	0.181
11030.000	20.000	3998.047	0.187
11040.000	20.000	3998.047	0.187
11050.000	20.000	3998.047	0.187
11060.000	20.000	3998.047	0.184
11070.000	20.000	3998.047	0.184
11080.000	20.000	3998.047	0.184
11090.000	20.000	3998.047	0.187
11100.000	20.000	3998.047	0.187
11110.000	20.000	3998.047	0.187
11120.000	20.000	3998.047	0.088
11130.000	20.000	3998.047	0.088
11140.000	20.000	3998.047	0.088
11150.000	20.000	3998.047	0.032
11160.000	20.000	3998.047	0.032
11170.000	20.000	3998.047	0.032
11180.000	20.000	3998.047	0.012
11190.000	20.000	3998.047	0.012
11200.000	20.000	3998.047	0.012
11210.000	20.000	3998.047	-0.001
11220.000	20.000	3998.047	-0.001
11230.000	20.000	3998.047	-0.001
11240.000	20.000	3990.234	-0.018
11250.000	20.000	3990.234	-0.018
11260.000	20.000	3990.234	-0.018
11270.000	20.000	3974.609	-0.002
11280.000	20.000	3974.609	-0.002
11290.000	20.000	3974.609	-0.002
11300.000	20.000	3964.844	-0.005
11310.000	20.000	3964.844	-0.005
11320.000	20.000	3964.844	-0.005
11330.000	20.000	3923.828	-0.009
11340.000	20.000	3923.828	-0.009
11350.000	20.000	3923.828	-0.009
11360.000	20.000	3906.250	-0.004
11370.000	20.000	3906.250	-0.004
11380.000	20.000	3906.250	-0.004
11390.000	20.000	3908.203	0.004
11400.000	20.000	3908.203	0.004
11410.000	20.000	3908.203	0.004
11420.000	20.000	3894.531	-0.010
11430.000	20.000	3894.531	-0.010
11440.000	20.000	3894.531	-0.010
11450.000	20.000	3896.484	-0.006
11460.000	20.000	3896.484	-0.006
11470.000	20.000	3896.484	-0.006
11480.000	20.000	3853.516	0.003
11490.000	20.000	3853.516	0.003
11500.000	20.000	3853.516	0.003
11510.000	20.000	3830.078	0.001
11520.000	20.000	3830.078	0.001
11530.000	20.000	3830.078	0.001
11540.000	20.000	3833.984	-0.001
11550.000	20.000	3833.984	-0.001
11560.000	20.000	3833.984	-0.001
11570.000	20.000	3806.641	-0.010
11580.000	20.000	3806.641	-0.010
11590.000	20.000	3806.641	-0.010
11600.000	20.000	3791.016	-0.007
11610.000	20.000	3791.016	-0.007
11620.000	20.000	3791.016	-0.007
11630.000	20.000	3767.578	0.003
11640.000	20.000	3767.578	0.003
11650.000	20.000	3767.578	0.003
11660.000	20.000	3748.047	-0.007
11670.000	20.000	3748.047	-0.007
11680.000	20.000	3748.047	-0.007
11690.000	20.000	3746.094	-0.003
11700.000	20.000	3746.094	-0.003
11710.000	20.000	3746.094	-0.003
11720.000	20.000	3736.328	0.000
11730.000	20.000	3736.328	0.000
11740.000	20.000	3736.328	0.000
11750.000	20.000	3701.172	-0.008
11760.000	20.000	3701.172	-0.008
11770.000	20.000	3701.172	-0.008
11780.000	20.000	3697.266	-0.010
11790.000	20.000	3697.266	-0.010
11800.000	20.000	3697.266	-0.010
11810.000	20.000	3675.781	-0.008
11820.000	20.000	3675.781	-0.008
11830.000	20.000	3675.781	-0.008
11840.000	20.000	3671.875	-0.004
11850.000	20.000	3671.875	-0.004
11860.000	20.000	3671.875	-0.004
11870.000	20.000	3650.391	0.003
11880.000	20.000	3650.391	0.003
11890.000	20.000	3650.391	0.003
11900.000	20.000	3628.906	0.001
11910.000	20.000	3628.906	0.001
11920.000	20.000	3628.906	0.001
11930.000	20.000	3617.187	-0.014
11940.000	20.000	3617.187	-0.014
11950.000	20.000	3617.187	-0.014
11960.000	20.000	3601.562	0.004
11970.000	20.000	3601.562	0.004
11980.000	20.000	3601.562	0.004
11990.000	20.000	3580.078	-0.002
12000.000	20.000	3580.078	-0.002
12010.000	20.000	3580.078	-0.002
12020.000	20.000	3548.828	0.003
