%Time [ms]	Commanded Torque [mNm]	Angular Velocity [RPM]	Actual Current [Amp]	%2/10/20262:50 PM
0.000	0.000	0.000	0.000
20.000	5.000	0.000	0.003
30.000	5.000	0.000	0.007
40.000	5.000	0.000	0.001
50.000	5.000	0.000	0.002
60.000	5.000	0.000	0.004
70.000	5.000	0.000	0.003
80.000	5.000	0.000	0.001
90.000	5.000	0.000	0.001
100.000	5.000	0.000	0.003
110.000	5.000	0.000	0.002
120.000	5.000	0.000	0.003
130.000	5.000	0.000	0.006
140.000	5.000	0.000	0.003
150.000	5.000	0.000	0.003
160.000	5.000	0.000	0.003
170.000	5.000	0.000	0.003
190.000	5.000	0.000	0.003
200.000	5.000	0.000	0.004
210.000	5.000	0.000	0.004
220.000	5.000	0.000	0.004
230.000	5.000	0.000	0.002
240.000	5.000	0.000	0.002
250.000	5.000	0.000	0.002
260.000	5.000	0.000	0.002
270.000	5.000	0.000	0.002
280.000	5.000	0.000	0.003
290.000	5.000	0.000	0.004
300.000	5.000	0.000	0.004
310.000	5.000	0.000	0.002
320.000	5.000	0.000	0.002
330.000	5.000	0.000	0.006
340.000	5.000	0.000	0.001
350.000	5.000	0.000	0.002
360.000	5.000	0.000	0.004
370.000	5.000	0.000	0.002
380.000	5.000	0.000	0.001
390.000	5.000	0.000	0.001
400.000	5.000	0.000	0.004
410.000	5.000	0.000	0.003
420.000	5.000	0.000	0.004
430.000	5.000	0.000	0.004
440.000	5.000	0.000	0.004
450.000	5.000	0.000	0.004
460.000	5.000	0.000	0.004
470.000	5.000	0.000	0.007
480.000	5.000	0.000	0.003
490.000	5.000	0.000	0.001
500.000	5.000	0.000	0.004
510.000	5.000	0.000	0.004
520.000	5.000	0.000	0.003
530.000	5.000	0.000	0.003
540.000	5.000	0.000	0.002
550.000	5.000	0.000	0.002
560.000	5.000	0.000	0.001
570.000	5.000	0.000	0.002
580.000	5.000	0.000	0.002
590.000	5.000	0.000	0.003
600.000	5.000	0.000	0.003
610.000	5.000	0.000	0.002
620.000	5.000	0.000	0.001
630.000	5.000	0.000	0.006
640.000	5.000	0.000	0.003
650.000	5.000	0.000	0.004
660.000	5.000	0.000	0.006
670.000	5.000	0.000	0.004
680.000	5.000	0.000	0.003
690.000	5.000	0.000	0.002
700.000	5.000	0.000	0.002
710.000	5.000	0.000	0.001
720.000	5.000	0.000	0.003
730.000	5.000	0.000	0.006
740.000	5.000	0.000	0.002
750.000	5.000	0.000	0.001
760.000	5.000	0.000	0.006
770.000	5.000	0.000	0.006
780.000	5.000	0.000	0.004
790.000	5.000	0.000	0.004
800.000	5.000	0.000	0.003
810.000	5.000	0.000	0.003
820.000	5.000	0.000	0.002
830.000	5.000	0.000	0.006
840.000	5.000	0.000	0.001
850.000	5.000	0.000	-0.000
860.000	5.000	0.000	0.003
870.000	5.000	0.000	0.004
880.000	5.000	0.000	0.002
890.000	5.000	0.000	0.003
900.000	5.000	0.000	0.006
910.000	5.000	0.000	0.001
920.000	5.000	0.000	0.002
930.000	5.000	0.000	0.003
940.000	5.000	0.000	0.003
950.000	5.000	0.000	0.001
960.000	5.000	0.000	0.008
970.000	5.000	0.000	0.006
980.000	5.000	0.000	0.006
990.000	5.000	0.000	0.003
1000.000	5.000	0.000	0.004
1010.000	5.000	0.000	0.004
1020.000	5.000	0.000	0.002
1030.000	5.000	0.000	0.030
1040.000	5.000	0.000	0.075
1050.000	5.000	-0.073	0.111
1060.000	5.000	-0.073	0.135
1070.000	5.000	-0.073	0.153
1080.000	5.000	-0.146	0.161
1090.000	5.000	-0.220	0.173
1100.000	5.000	-0.293	0.181
1110.000	5.000	-0.366	0.185
1120.000	5.000	-0.439	0.187
1130.000	5.000	-0.513	0.194
1140.000	5.000	-0.586	0.195
1150.000	5.000	-0.659	0.194
1160.000	5.000	-0.732	0.200
1170.000	5.000	-0.806	0.195
1180.000	5.000	-0.879	0.196
1190.000	5.000	-0.879	0.198
1200.000	5.000	-0.879	0.201
1210.000	5.000	-0.952	0.201
1220.000	5.000	-0.952	0.202
1230.000	5.000	-1.025	0.198
1240.000	5.000	-1.099	0.200
1250.000	5.000	-1.099	0.200
1260.000	5.000	-1.099	0.198
1270.000	5.000	-1.245	0.202
1280.000	5.000	-1.245	0.201
1290.000	5.000	-1.392	0.200
1300.000	5.000	-1.611	0.201
1310.000	5.000	-1.685	0.200
1320.000	5.000	-1.831	0.200
1330.000	5.000	-1.831	0.197
1340.000	5.000	-1.831	0.198
1350.000	5.000	-1.831	0.201
1360.000	5.000	-1.904	0.200
1370.000	5.000	-1.831	0.198
1380.000	5.000	-1.831	0.200
1390.000	5.000	-1.831	0.201
1400.000	5.000	-1.758	0.202
1410.000	5.000	-1.758	0.200
1420.000	5.000	-1.831	0.198
1430.000	5.000	-1.978	0.200
1440.000	5.000	-2.197	0.201
1450.000	5.000	-2.271	0.201
1460.000	5.000	-2.344	0.198
1470.000	5.000	-2.490	0.201
1480.000	5.000	-2.490	0.201
1490.000	5.000	-2.563	0.200
1500.000	5.000	-2.783	0.201
1510.000	5.000	-2.930	0.198
1520.000	5.000	-2.930	0.201
1530.000	5.000	-2.930	0.198
1540.000	5.000	-2.856	0.200
1550.000	5.000	-2.856	0.198
1560.000	5.000	-2.930	0.198
1570.000	5.000	-3.003	0.200
1580.000	5.000	-3.149	0.200
1590.000	5.000	-3.223	0.202
1600.000	5.000	-3.149	0.201
1610.000	5.000	-3.076	0.200
1620.000	5.000	-3.149	0.201
1630.000	5.000	-3.223	0.200
1640.000	5.000	-3.589	0.200
1650.000	5.000	-3.809	0.201
1660.000	5.000	-3.882	0.201
1670.000	5.000	-3.882	0.201
1680.000	5.000	-3.735	0.200
1690.000	5.000	-3.735	0.198
1700.000	5.000	-3.809	0.201
1710.000	5.000	-4.028	0.198
1720.000	5.000	-4.102	0.198
1730.000	5.000	-4.102	0.198
1740.000	5.000	-3.882	0.201
1750.000	5.000	-4.028	0.202
1760.000	5.000	-4.248	0.200
1770.000	5.000	-4.395	0.201
1780.000	5.000	-4.395	0.200
1790.000	5.000	-4.395	0.201
1800.000	5.000	-4.321	0.200
1810.000	5.000	-4.395	0.201
1820.000	5.000	-4.468	0.198
1830.000	5.000	-4.541	0.201
1840.000	5.000	-4.687	0.201
1850.000	5.000	-4.687	0.198
1860.000	5.000	-4.761	0.200
1870.000	5.000	-4.761	0.201
1880.000	5.000	-4.834	0.200
1890.000	5.000	-5.200	0.198
1900.000	5.000	-5.200	0.201
1910.000	5.000	-5.200	0.201
1920.000	5.000	-5.273	0.200
1930.000	5.000	-5.273	0.200
1940.000	5.000	-5.566	0.201
1950.000	5.000	-5.420	0.200
1960.000	5.000	-5.420	0.200
1970.000	5.000	-5.347	0.200
1980.000	5.000	-5.859	0.201
1990.000	5.000	-5.859	0.201
2000.000	5.000	-5.713	0.201
2010.000	5.000	-6.079	0.200
2020.000	5.000	-6.079	0.200
2030.000	5.000	-6.152	0.200
2040.000	5.000	-5.713	0.200
2050.000	5.000	-5.713	0.200
2060.000	5.000	-6.006	0.200
2070.000	5.000	-6.299	0.202
2080.000	5.000	-6.226	0.203
2090.000	5.000	-6.372	0.200
2100.000	5.000	-6.665	0.198
2110.000	5.000	-6.592	0.201
2120.000	5.000	-6.152	0.200
2130.000	5.000	-6.372	0.202
2140.000	5.000	-6.519	0.198
2150.000	5.000	-6.592	0.198
2160.000	5.000	-6.665	0.201
2170.000	5.000	-6.885	0.201
2180.000	5.000	-6.812	0.200
2190.000	5.000	-6.519	0.202
2200.000	5.000	-6.592	0.201
2210.000	5.000	-6.738	0.200
2220.000	5.000	-6.958	0.201
2230.000	5.000	-7.178	0.198
2240.000	5.000	-7.178	0.201
2250.000	5.000	-7.104	0.201
2260.000	5.000	-7.031	0.201
2270.000	5.000	-6.958	0.202
2280.000	5.000	-7.104	0.202
2290.000	5.000	-7.471	0.200
2300.000	5.000	-7.471	0.202
2310.000	5.000	-7.397	0.200
2320.000	5.000	-7.471	0.198
2330.000	5.000	-7.397	0.198
2340.000	5.000	-7.397	0.198
2350.000	5.000	-7.837	0.201
2360.000	5.000	-7.983	0.198
2370.000	5.000	-7.764	0.200
2380.000	5.000	-7.837	0.198
2390.000	5.000	-7.837	0.200
2400.000	5.000	-7.690	0.198
2410.000	5.000	-8.130	0.201
2420.000	5.000	-8.203	0.198
2430.000	5.000	-7.910	0.200
2440.000	5.000	-8.203	0.200
2450.000	5.000	-8.057	0.200
2460.000	5.000	-7.983	0.200
2470.000	5.000	-8.496	0.197
2480.000	5.000	-8.423	0.201
2490.000	5.000	-8.276	0.201
2500.000	5.000	-8.496	0.200
2510.000	5.000	-8.276	0.201
2520.000	5.000	-8.569	0.201
2530.000	5.000	-8.789	0.200
2540.000	5.000	-8.496	0.200
2550.000	5.000	-8.789	0.202
2560.000	5.000	-8.862	0.200
2570.000	5.000	-8.789	0.201
2580.000	5.000	-9.155	0.201
2590.000	5.000	-9.082	0.200
2600.000	5.000	-9.155	0.198
2610.000	5.000	-9.229	0.201
2620.000	5.000	-9.229	0.198
2630.000	5.000	-9.302	0.200
2640.000	5.000	-9.375	0.200
2650.000	5.000	-9.448	0.197
2660.000	5.000	-9.448	0.200
2670.000	5.000	-9.521	0.200
2680.000	5.000	-9.448	0.200
2690.000	5.000	-9.521	0.200
2700.000	5.000	-9.595	0.201
2710.000	5.000	-9.595	0.200
2720.000	5.000	-9.741	0.198
2730.000	5.000	-9.595	0.201
2740.000	5.000	-9.741	0.201
2750.000	5.000	-9.741	0.198
2760.000	5.000	-9.814	0.201
2770.000	5.000	-10.034	0.198
2780.000	5.000	-9.814	0.201
2790.000	5.000	-10.107	0.200
2800.000	5.000	-10.107	0.201
2810.000	5.000	-10.327	0.201
2820.000	5.000	-10.107	0.200
2830.000	5.000	-10.181	0.200
2840.000	5.000	-10.547	0.198
2850.000	5.000	-10.400	0.202
2860.000	5.000	-10.693	0.200
2870.000	5.000	-10.181	0.200
2880.000	5.000	-10.620	0.201
2890.000	5.000	-10.547	0.198
2900.000	5.000	-10.767	0.201
2910.000	5.000	-10.620	0.198
2920.000	5.000	-10.547	0.200
2930.000	5.000	-10.840	0.201
2940.000	5.000	-10.693	0.202
2950.000	5.000	-10.913	0.198
2960.000	5.000	-10.474	0.200
2970.000	5.000	-10.913	0.201
2980.000	5.000	-10.840	0.201
2990.000	5.000	-11.206	0.200
3000.000	5.000	-10.693	0.201
3010.000	5.000	-11.060	0.201
3020.000	5.000	-11.133	0.200
3030.000	5.000	-11.426	0.198
3040.000	5.000	-11.206	0.197
3050.000	5.000	-11.206	0.200
3060.000	5.000	-11.426	0.201
3070.000	5.000	-11.719	0.198
3080.000	5.000	-11.499	0.198
3090.000	5.000	-11.499	0.198
3100.000	5.000	-11.792	0.201
3110.000	5.000	-11.865	0.201
3120.000	5.000	-11.719	0.198
3130.000	5.000	-11.646	0.198
3140.000	5.000	-11.792	0.197
3150.000	5.000	-11.938	0.201
3160.000	5.000	-11.865	0.198
3170.000	5.000	-11.719	0.198
3180.000	5.000	-11.938	0.201
3190.000	5.000	-12.012	0.201
3200.000	5.000	-11.865	0.200
3210.000	5.000	-11.865	0.198
3220.000	5.000	-12.158	0.201
3230.000	5.000	-12.085	0.201
3240.000	5.000	-12.158	0.201
3250.000	5.000	-12.158	0.201
3260.000	5.000	-12.671	0.200
3270.000	5.000	-12.305	0.200
3280.000	5.000	-12.524	0.201
3290.000	5.000	-12.305	0.201
3300.000	5.000	-12.891	0.202
3310.000	5.000	-12.524	0.197
3320.000	5.000	-12.744	0.198
3330.000	5.000	-12.744	0.198
3340.000	5.000	-13.037	0.201
3350.000	5.000	-12.671	0.198
3360.000	5.000	-12.524	0.200
3370.000	5.000	-13.110	0.201
3380.000	5.000	-12.817	0.197
3390.000	5.000	-13.037	0.208
3400.000	5.000	-12.744	0.201
3410.000	5.000	-13.257	0.198
3420.000	5.000	-12.817	0.198
3430.000	5.000	-13.037	0.200
3440.000	5.000	-13.037	0.200
3450.000	5.000	-13.257	0.201
3460.000	5.000	-13.330	0.198
3470.000	5.000	-12.964	0.201
3480.000	5.000	-13.550	0.200
3490.000	5.000	-13.403	0.198
3500.000	5.000	-13.477	0.201
3510.000	5.000	-13.550	0.197
3520.000	5.000	-13.770	0.200
3530.000	5.000	-13.770	0.200
3540.000	5.000	-13.843	0.200
3550.000	5.000	-13.989	0.197
3560.000	5.000	-14.062	0.202
3570.000	5.000	-14.062	0.200
3580.000	5.000	-14.062	0.201
3590.000	5.000	-14.062	0.200
3600.000	5.000	-14.209	0.201
3610.000	5.000	-14.355	0.198
3620.000	5.000	-14.136	0.201
3630.000	5.000	-14.209	0.201
3640.000	5.000	-14.282	0.200
3650.000	5.000	-14.136	0.200
3660.000	5.000	-14.209	0.198
3670.000	5.000	-14.429	0.202
3680.000	5.000	-14.282	0.198
3690.000	5.000	-14.429	0.198
3700.000	5.000	-14.355	0.200
3710.000	5.000	-14.282	0.200
3720.000	5.000	-14.502	0.201
3730.000	5.000	-14.502	0.201
3740.000	5.000	-14.648	0.198
3750.000	5.000	-14.575	0.200
3760.000	5.000	-14.648	0.201
3770.000	5.000	-14.868	0.201
3780.000	5.000	-14.575	0.200
3790.000	5.000	-14.868	0.198
3800.000	5.000	-15.234	0.197
3810.000	5.000	-14.795	0.201
3820.000	5.000	-15.161	0.202
3830.000	5.000	-15.308	0.201
3840.000	5.000	-14.941	0.200
3850.000	5.000	-15.381	0.198
3860.000	5.000	-15.527	0.198
3870.000	5.000	-15.088	0.201
3880.000	5.000	-15.601	0.201
3890.000	5.000	-15.527	0.198
3900.000	5.000	-15.161	0.200
3910.000	5.000	-15.601	0.198
3920.000	5.000	-15.674	0.200
3930.000	5.000	-15.381	0.202
3940.000	5.000	-15.747	0.200
3950.000	5.000	-15.820	0.197
3960.000	5.000	-15.454	0.198
3970.000	5.000	-15.894	0.201
3980.000	5.000	-15.967	0.198
3990.000	5.000	-15.674	0.201
4000.000	5.000	-16.040	0.200
4010.000	5.000	-16.113	0.201
4020.000	5.000	-15.820	0.201
4030.000	5.000	-16.113	0.200
4040.000	5.000	-16.260	0.197
4050.000	5.000	-15.967	0.201
4060.000	5.000	-16.260	0.200
4070.000	5.000	-16.406	0.201
4080.000	5.000	-16.113	0.200
4090.000	5.000	-16.479	0.198
4100.000	5.000	-16.479	0.198
4110.000	5.000	-16.333	0.202
4120.000	5.000	-16.626	0.200
4130.000	5.000	-16.553	0.198
4140.000	5.000	-16.479	0.201
4150.000	5.000	-16.919	0.198
4160.000	5.000	-16.626	0.200
4170.000	5.000	-16.553	0.200
4180.000	5.000	-17.065	0.200
4190.000	5.000	-16.846	0.202
4200.000	5.000	-16.772	0.200
4210.000	5.000	-17.065	0.200
4220.000	5.000	-16.992	0.201
4230.000	5.000	-16.992	0.198
4240.000	5.000	-17.065	0.201
4250.000	5.000	-16.992	0.198
4260.000	5.000	-17.505	0.200
4270.000	5.000	-17.139	0.200
4280.000	5.000	-16.992	0.201
4290.000	5.000	-17.432	0.200
4300.000	5.000	-17.432	0.200
4310.000	5.000	-17.285	0.201
4320.000	5.000	-17.358	0.200
4330.000	5.000	-17.578	0.201
4340.000	5.000	-17.651	0.201
4350.000	5.000	-17.358	0.202
4360.000	5.000	-17.358	0.201
4370.000	5.000	-17.944	0.198
4380.000	5.000	-17.871	0.198
4390.000	5.000	-17.725	0.200
4400.000	5.000	-17.725	0.200
4410.000	5.000	-17.871	0.197
4420.000	5.000	-18.237	0.200
4430.000	5.000	-18.018	0.201
4440.000	5.000	-17.871	0.198
4450.000	5.000	-18.311	0.201
4460.000	5.000	-18.311	0.200
4470.000	5.000	-18.384	0.201
4480.000	5.000	-18.311	0.200
4490.000	5.000	-18.384	0.198
4500.000	5.000	-18.311	0.201
4510.000	5.000	-18.970	0.198
4520.000	5.000	-18.677	0.200
4530.000	5.000	-18.530	0.200
4540.000	5.000	-18.750	0.198
4550.000	5.000	-18.677	0.203
4560.000	5.000	-18.823	0.201
4570.000	5.000	-18.823	0.198
4580.000	5.000	-18.823	0.200
4590.000	5.000	-18.823	0.198
4600.000	5.000	-19.263	0.201
4610.000	5.000	-18.677	0.202
4620.000	5.000	-18.970	0.200
4630.000	5.000	-19.336	0.201
4640.000	5.000	-19.263	0.197
4650.000	5.000	-19.189	0.200
4660.000	5.000	-19.263	0.200
4670.000	5.000	-19.263	0.201
4680.000	5.000	-19.409	0.201
4690.000	5.000	-19.775	0.200
4700.000	5.000	-19.556	0.200
4710.000	5.000	-19.629	0.198
4720.000	5.000	-19.482	0.201
4730.000	5.000	-19.629	0.198
4740.000	5.000	-20.068	0.201
4750.000	5.000	-20.068	0.201
4760.000	5.000	-20.215	0.198
4770.000	5.000	-19.995	0.198
4780.000	5.000	-19.995	0.198
4790.000	5.000	-19.775	0.198
4800.000	5.000	-20.215	0.200
4810.000	5.000	-20.215	0.200
4820.000	5.000	-20.361	0.200
4830.000	5.000	-20.508	0.200
4840.000	5.000	-20.508	0.200
4850.000	5.000	-20.288	0.200
4860.000	5.000	-20.654	0.200
4870.000	5.000	-20.654	0.200
4880.000	5.000	-20.728	0.201
4890.000	5.000	-20.947	0.202
4900.000	5.000	-20.947	0.202
4910.000	5.000	-20.801	0.201
4920.000	5.000	-20.947	0.198
4930.000	5.000	-20.947	0.198
4940.000	5.000	-21.240	0.201
4950.000	5.000	-21.387	0.200
4960.000	5.000	-21.387	0.200
4970.000	5.000	-21.313	0.200
4980.000	5.000	-21.533	0.198
4990.000	5.000	-21.533	0.198
5000.000	5.000	-21.460	0.200
5010.000	5.000	-21.680	0.201
5020.000	5.000	-21.533	0.198
5030.000	5.000	-21.753	0.200
5040.000	5.000	-21.899	0.198
5050.000	5.000	-21.899	0.198
5060.000	5.000	-21.826	0.202
5070.000	5.000	-22.046	0.202
5080.000	5.000	-22.046	0.202
5090.000	5.000	-22.412	0.198
5100.000	5.000	-22.632	0.201
5110.000	5.000	-22.632	0.201
5120.000	5.000	-22.559	0.198
5130.000	5.000	-22.705	0.198
5140.000	5.000	-22.705	0.198
5150.000	5.000	-22.852	0.202
5160.000	5.000	-22.778	0.200
5170.000	5.000	-22.778	0.200
5180.000	5.000	-22.632	0.200
5190.000	5.000	-22.705	0.201
5200.000	5.000	-22.705	0.201
5210.000	5.000	-22.778	0.197
5220.000	5.000	-23.071	0.198
5230.000	5.000	-23.071	0.198
5240.000	5.000	-23.218	0.198
5250.000	5.000	-23.511	0.198
5260.000	5.000	-23.511	0.198
5270.000	5.000	-23.584	0.200
5280.000	5.000	-23.730	0.200
5290.000	5.000	-23.730	0.200
5300.000	5.000	-23.950	0.200
5310.000	5.000	-24.097	0.201
5320.000	5.000	-24.097	0.197
5330.000	5.000	-24.170	0.198
5340.000	5.000	-24.170	0.198
5350.000	5.000	-24.243	0.200
5360.000	5.000	-24.097	0.198
5370.000	5.000	-24.316	0.201
5380.000	5.000	-24.316	0.201
5390.000	5.000	-24.243	0.200
5400.000	5.000	-24.316	0.201
5410.000	5.000	-24.316	0.201
5420.000	5.000	-24.609	0.201
5430.000	5.000	-24.609	0.197
5440.000	5.000	-24.609	0.197
5450.000	5.000	-24.609	0.201
5460.000	5.000	-24.976	0.201
5470.000	5.000	-24.976	0.201
5480.000	5.000	-25.269	0.198
5490.000	5.000	-25.122	0.200
5500.000	5.000	-25.415	0.198
5510.000	5.000	-25.269	0.200
5520.000	5.000	-25.342	0.201
5530.000	5.000	-25.562	0.200
5540.000	5.000	-25.488	0.201
5550.000	5.000	-25.488	0.201
5560.000	5.000	-25.342	0.198
5570.000	5.000	-25.781	0.198
5580.000	5.000	-25.488	0.198
5590.000	5.000	-25.928	0.198
5600.000	5.000	-25.635	0.200
5610.000	5.000	-26.001	0.201
5620.000	5.000	-25.854	0.202
5630.000	5.000	-25.854	0.202
5640.000	5.000	-26.221	0.200
5650.000	5.000	-26.367	0.198
5660.000	5.000	-26.440	0.200
5670.000	5.000	-26.221	0.202
5680.000	5.000	-26.587	0.200
5690.000	5.000	-26.294	0.201
5700.000	5.000	-26.514	0.200
5710.000	5.000	-26.733	0.200
5720.000	5.000	-26.807	0.200
5730.000	5.000	-27.173	0.198
5740.000	5.000	-26.880	0.201
5750.000	5.000	-26.953	0.198
5760.000	5.000	-26.733	0.200
5770.000	5.000	-26.880	0.202
5780.000	5.000	-27.100	0.200
5790.000	5.000	-27.173	0.197
5800.000	5.000	-27.466	0.201
5810.000	5.000	-27.026	0.200
5820.000	5.000	-27.246	0.201
5830.000	5.000	-27.100	0.200
5840.000	5.000	-27.246	0.200
5850.000	5.000	-27.539	0.194
5860.000	5.000	-27.612	0.200
5870.000	5.000	-27.612	0.200
5880.000	5.000	-27.319	0.200
5890.000	5.000	-27.539	0.198
5900.000	5.000	-27.612	0.200
5910.000	5.000	-27.759	0.198
5920.000	5.000	-27.905	0.200
5930.000	5.000	-27.759	0.200
5940.000	5.000	-27.832	0.200
5950.000	5.000	-28.052	0.200
5960.000	5.000	-27.905	0.198
5970.000	5.000	-28.052	0.200
5980.000	5.000	-28.198	0.202
5990.000	5.000	-28.125	0.201
6000.000	5.000	-28.271	0.200
6010.000	5.000	-28.418	0.200
6020.000	5.000	-28.198	0.200
6030.000	5.000	-28.345	0.197
6040.000	5.000	-28.564	0.200
6050.000	5.000	-28.271	0.201
6060.000	5.000	-28.418	0.201
6070.000	5.000	-28.418	0.198
6080.000	5.000	-28.564	0.201
6090.000	5.000	-28.784	0.200
6100.000	5.000	-28.638	0.200
6110.000	5.000	-28.638	0.202
6120.000	5.000	-28.638	0.201
6130.000	5.000	-29.077	0.200
6140.000	5.000	-28.784	0.198
6150.000	5.000	-28.711	0.198
6160.000	5.000	-28.931	0.200
6170.000	5.000	-29.004	0.200
6180.000	5.000	-29.150	0.200
6190.000	5.000	-29.004	0.200
6200.000	5.000	-28.857	0.198
6210.000	5.000	-29.297	0.198
6220.000	5.000	-29.370	0.201
6230.000	5.000	-28.931	0.198
6240.000	5.000	-29.150	0.201
6250.000	5.000	-29.297	0.201
6260.000	5.000	-29.443	0.201
6270.000	5.000	-29.297	0.195
6280.000	5.000	-29.224	0.202
6290.000	5.000	-29.590	0.200
6300.000	5.000	-29.663	0.201
6310.000	5.000	-29.370	0.200
6320.000	5.000	-29.663	0.201
6330.000	5.000	-29.883	0.201
6340.000	5.000	-29.956	0.201
6350.000	5.000	-29.810	0.200
6360.000	5.000	-29.810	0.200
6370.000	5.000	-30.249	0.200
6380.000	5.000	-29.956	0.201
6390.000	5.000	-29.736	0.200
6400.000	5.000	-30.249	0.200
6410.000	5.000	-30.029	0.198
6420.000	5.000	-29.810	0.198
6430.000	5.000	-30.322	0.198
6440.000	5.000	-30.029	0.200
6450.000	5.000	-30.103	0.201
6460.000	5.000	-30.542	0.202
6470.000	5.000	-30.103	0.201
6480.000	5.000	-30.322	0.201
6490.000	5.000	-30.688	0.200
6500.000	5.000	-30.176	0.200
6510.000	5.000	-30.542	0.198
6520.000	5.000	-30.835	0.200
6530.000	5.000	-30.322	0.201
6540.000	5.000	-30.688	0.201
6550.000	5.000	-30.908	0.200
6560.000	5.000	-30.542	0.200
6570.000	5.000	-30.908	0.201
6580.000	5.000	-31.055	0.202
6590.000	5.000	-30.835	0.201
6600.000	5.000	-31.055	0.201
6610.000	5.000	-31.128	0.200
6620.000	5.000	-31.128	0.201
6630.000	5.000	-31.201	0.200
6640.000	5.000	-31.348	0.198
6650.000	5.000	-31.348	0.202
6660.000	5.000	-31.421	0.200
6670.000	5.000	-31.494	0.200
6680.000	5.000	-31.421	0.200
6690.000	5.000	-31.421	0.198
6700.000	5.000	-31.714	0.200
6710.000	5.000	-31.567	0.200
6720.000	5.000	-31.494	0.201
6730.000	5.000	-31.934	0.200
6740.000	5.000	-31.787	0.201
6750.000	5.000	-31.641	0.198
6760.000	5.000	-32.080	0.200
6770.000	5.000	-31.787	0.202
6780.000	5.000	-31.860	0.201
6790.000	5.000	-32.446	0.201
6800.000	5.000	-32.007	0.198
6810.000	5.000	-32.373	0.200
6820.000	5.000	-32.593	0.202
6830.000	5.000	-32.007	0.201
6840.000	5.000	-32.373	0.201
6850.000	5.000	-32.666	0.200
6860.000	5.000	-32.446	0.201
6870.000	5.000	-32.666	0.198
6880.000	5.000	-32.739	0.200
6890.000	5.000	-32.593	0.200
6900.000	5.000	-32.666	0.200
6910.000	5.000	-32.739	0.198
6920.000	5.000	-32.739	0.198
6930.000	5.000	-33.252	0.201
6940.000	5.000	-33.105	0.200
6950.000	5.000	-32.959	0.200
6960.000	5.000	-33.252	0.200
6970.000	5.000	-33.252	0.200
6980.000	5.000	-33.325	0.202
6990.000	5.000	-33.325	0.201
7000.000	5.000	-33.618	0.201
7010.000	5.000	-33.545	0.198
7020.000	5.000	-33.545	0.198
7030.000	5.000	-33.765	0.203
7040.000	5.000	-33.618	0.200
7050.000	5.000	-33.911	0.198
7060.000	5.000	-33.545	0.201
7070.000	5.000	-34.131	0.201
7080.000	5.000	-34.058	0.200
7090.000	5.000	-34.204	0.200
7100.000	5.000	-34.204	0.198
7110.000	5.000	-34.277	0.198
7120.000	5.000	-34.351	0.200
7130.000	5.000	-33.984	0.201
7140.000	5.000	-34.424	0.200
7150.000	5.000	-34.424	0.200
7160.000	5.000	-34.644	0.202
7170.000	5.000	-34.863	0.200
7180.000	5.000	-34.863	0.200
7190.000	5.000	-34.497	0.201
7200.000	5.000	-34.570	0.201
7210.000	5.000	-34.570	0.201
7220.000	5.000	-34.937	0.201
7230.000	5.000	-34.863	0.198
7240.000	5.000	-34.863	0.198
7250.000	5.000	-34.937	0.200
7260.000	5.000	-35.156	0.198
7270.000	5.000	-35.156	0.198
7280.000	5.000	-35.156	0.201
7290.000	5.000	-35.522	0.201
7300.000	5.000	-35.522	0.201
7310.000	5.000	-35.889	0.203
7320.000	5.000	-35.889	0.200
7330.000	5.000	-35.889	0.200
7340.000	5.000	-35.889	0.201
7350.000	5.000	-35.742	0.198
7360.000	5.000	-35.742	0.198
7370.000	5.000	-36.108	0.201
7380.000	5.000	-36.401	0.200
7390.000	5.000	-36.401	0.200
7400.000	5.000	-36.035	0.197
7410.000	5.000	-36.255	0.198
7420.000	5.000	-36.255	0.198
7430.000	5.000	-36.182	0.200
7440.000	5.000	-36.182	0.198
7450.000	5.000	-36.182	0.198
7460.000	5.000	-36.621	0.201
7470.000	5.000	-36.768	0.201
7480.000	5.000	-36.768	0.201
7490.000	5.000	-36.475	0.200
7500.000	5.000	-36.694	0.201
7510.000	5.000	-36.694	0.201
7520.000	5.000	-36.768	0.201
7530.000	5.000	-36.768	0.197
7540.000	5.000	-36.768	0.197
7550.000	5.000	-37.061	0.200
7560.000	5.000	-37.280	0.201
7570.000	5.000	-37.280	0.201
7580.000	5.000	-37.280	0.198
7590.000	5.000	-37.500	0.203
7600.000	5.000	-37.500	0.203
7610.000	5.000	-37.500	0.201
7620.000	5.000	-37.573	0.201
7630.000	5.000	-37.720	0.197
7640.000	5.000	-37.866	0.198
7650.000	5.000	-37.720	0.200
7660.000	5.000	-37.939	0.200
7670.000	5.000	-37.720	0.198
7680.000	5.000	-37.793	0.200
7690.000	5.000	-38.232	0.200
7700.000	5.000	-37.939	0.200
7710.000	5.000	-38.013	0.200
7720.000	5.000	-38.086	0.200
7730.000	5.000	-37.793	0.200
7740.000	5.000	-38.159	0.198
7750.000	5.000	-38.452	0.201
7760.000	5.000	-38.159	0.198
7770.000	5.000	-38.379	0.201
7780.000	5.000	-38.232	0.200
7790.000	5.000	-38.159	0.201
7800.000	5.000	-38.672	0.198
7810.000	5.000	-38.599	0.197
7820.000	5.000	-38.525	0.198
7830.000	5.000	-38.452	0.206
7840.000	5.000	-38.306	0.200
7850.000	5.000	-38.525	0.200
7860.000	5.000	-38.818	0.198
7870.000	5.000	-38.818	0.198
7880.000	5.000	-38.892	0.200
7890.000	5.000	-38.599	0.200
7900.000	5.000	-38.672	0.201
7910.000	5.000	-38.818	0.201
7920.000	5.000	-38.818	0.201
7930.000	5.000	-39.111	0.202
7940.000	5.000	-39.038	0.198
7950.000	5.000	-38.892	0.201
7960.000	5.000	-38.965	0.198
7970.000	5.000	-39.111	0.200
7980.000	5.000	-39.185	0.200
7990.000	5.000	-39.185	0.200
8000.000	5.000	-39.111	0.200
8010.000	5.000	-39.185	0.200
8020.000	5.000	-39.404	0.200
8030.000	5.000	-39.404	0.202
8040.000	5.000	-39.624	0.200
8050.000	5.000	-39.771	0.200
8060.000	5.000	-39.478	0.201
8070.000	5.000	-39.478	0.202
8080.000	5.000	-39.478	0.198
8090.000	5.000	-39.697	0.200
8100.000	5.000	-39.917	0.198
8110.000	5.000	-39.990	0.200
8120.000	5.000	-39.697	0.200
8130.000	5.000	-39.697	0.198
8140.000	5.000	-39.771	0.200
8150.000	5.000	-39.478	0.201
8160.000	5.000	-39.844	0.198
8170.000	5.000	-40.137	0.200
8180.000	5.000	-40.063	0.198
8190.000	5.000	-39.990	0.202
8200.000	5.000	-39.990	0.198
8210.000	5.000	-39.844	0.202
8220.000	5.000	-40.063	0.197
8230.000	5.000	-40.283	0.201
8240.000	5.000	-40.356	0.201
8250.000	5.000	-40.576	0.200
8260.000	5.000	-40.503	0.200
8270.000	5.000	-40.283	0.198
8280.000	5.000	-40.503	0.201
8290.000	5.000	-40.796	0.200
8300.000	5.000	-40.503	0.200
8310.000	5.000	-40.796	0.200
8320.000	5.000	-41.089	0.198
8330.000	5.000	-40.869	0.198
8340.000	5.000	-40.503	0.200
8350.000	5.000	-40.869	0.198
8360.000	5.000	-40.942	0.198
8370.000	5.000	-40.869	0.201
8380.000	5.000	-40.869	0.201
8390.000	5.000	-40.942	0.201
8400.000	5.000	-41.162	0.201
8410.000	5.000	-41.162	0.201
8420.000	5.000	-41.455	0.200
8430.000	5.000	-41.528	0.200
8440.000	5.000	-41.528	0.200
8450.000	5.000	-41.382	0.202
8460.000	5.000	-41.602	0.200
8470.000	5.000	-41.602	0.200
8480.000	5.000	-41.748	0.200
8490.000	5.000	-41.821	0.200
8500.000	5.000	-41.821	0.200
8510.000	5.000	-41.968	0.200
8520.000	5.000	-42.114	0.200
8530.000	5.000	-42.114	0.200
8540.000	5.000	-42.041	0.201
8550.000	5.000	-42.187	0.201
8560.000	5.000	-42.187	0.201
8570.000	5.000	-42.261	0.202
8580.000	5.000	-42.334	0.202
8590.000	5.000	-42.334	0.202
8600.000	5.000	-42.554	0.200
8610.000	5.000	-42.773	0.200
8620.000	5.000	-42.773	0.200
8630.000	5.000	-42.700	0.200
8640.000	5.000	-42.847	0.201
8650.000	5.000	-42.847	0.201
8660.000	5.000	-43.066	0.198
8670.000	5.000	-42.920	0.198
8680.000	5.000	-42.920	0.198
8690.000	5.000	-42.993	0.198
8700.000	5.000	-43.286	0.205
8710.000	5.000	-43.286	0.205
8720.000	5.000	-43.433	0.201
8730.000	5.000	-43.652	0.198
8740.000	5.000	-43.652	0.198
8750.000	5.000	-43.799	0.201
8760.000	5.000	-43.506	0.200
8770.000	5.000	-43.799	0.198
8780.000	5.000	-43.872	0.198
8790.000	5.000	-43.945	0.201
8800.000	5.000	-44.165	0.201
8810.000	5.000	-44.092	0.201
8820.000	5.000	-44.165	0.198
8830.000	5.000	-44.312	0.201
8840.000	5.000	-44.238	0.200
8850.000	5.000	-44.165	0.200
8860.000	5.000	-44.604	0.201
8870.000	5.000	-44.385	0.198
8880.000	5.000	-44.604	0.201
8890.000	5.000	-44.751	0.198
8900.000	5.000	-44.604	0.200
8910.000	5.000	-44.678	0.198
8920.000	5.000	-44.897	0.198
8930.000	5.000	-44.678	0.200
8940.000	5.000	-45.044	0.198
8950.000	5.000	-45.264	0.200
8960.000	5.000	-45.190	0.200
8970.000	5.000	-45.190	0.200
8980.000	5.000	-45.410	0.200
8990.000	5.000	-45.044	0.198
9000.000	5.000	-45.190	0.198
9010.000	5.000	-45.337	0.200
9020.000	5.000	-45.117	0.205
9030.000	5.000	-45.264	0.201
9040.000	5.000	-45.410	0.198
9050.000	5.000	-45.264	0.200
9060.000	5.000	-45.410	0.198
9070.000	5.000	-45.776	0.201
9080.000	5.000	-45.483	0.200
9090.000	5.000	-45.850	0.200
9100.000	5.000	-45.996	0.200
9110.000	5.000	-45.850	0.200
9120.000	5.000	-46.143	0.201
9130.000	5.000	-46.143	0.201
9140.000	5.000	-45.996	0.200
9150.000	5.000	-46.069	0.200
9160.000	5.000	-46.289	0.201
9170.000	5.000	-46.216	0.198
9180.000	5.000	-46.362	0.198
9190.000	5.000	-46.509	0.200
9200.000	5.000	-46.216	0.198
9210.000	5.000	-46.436	0.197
9220.000	5.000	-46.655	0.198
9230.000	5.000	-46.509	0.200
9240.000	5.000	-46.509	0.201
9250.000	5.000	-46.729	0.200
9260.000	5.000	-46.436	0.203
9270.000	5.000	-46.582	0.200
9280.000	5.000	-46.802	0.200
9290.000	5.000	-46.655	0.198
9300.000	5.000	-46.802	0.201
9310.000	5.000	-46.875	0.198
9320.000	5.000	-46.655	0.200
9330.000	5.000	-46.802	0.200
9340.000	5.000	-47.095	0.201
9350.000	5.000	-46.875	0.198
9360.000	5.000	-46.948	0.201
9370.000	5.000	-47.021	0.198
9380.000	5.000	-46.802	0.201
9390.000	5.000	-46.948	0.200
9400.000	5.000	-47.314	0.200
9410.000	5.000	-47.168	0.201
9420.000	5.000	-47.314	0.197
9430.000	5.000	-47.461	0.201
9440.000	5.000	-47.095	0.200
9450.000	5.000	-47.314	0.198
9460.000	5.000	-47.534	0.201
9470.000	5.000	-47.314	0.200
9480.000	5.000	-47.461	0.200
9490.000	5.000	-47.534	0.202
9500.000	5.000	-47.241	0.198
9510.000	5.000	-47.314	0.200
9520.000	5.000	-47.461	0.206
9530.000	5.000	-47.461	0.200
9540.000	5.000	-47.461	0.200
9550.000	5.000	-47.681	0.200
9560.000	5.000	-47.534	0.198
9570.000	5.000	-47.607	0.198
9580.000	5.000	-48.120	0.200
9590.000	5.000	-47.827	0.200
9600.000	5.000	-48.047	0.200
9610.000	5.000	-48.486	0.201
9620.000	5.000	-48.267	0.198
9630.000	5.000	-48.413	0.197
9640.000	5.000	-48.633	0.198
9650.000	5.000	-48.340	0.200
9660.000	5.000	-48.486	0.200
9670.000	5.000	-48.633	0.202
9680.000	5.000	-48.120	0.202
9690.000	5.000	-48.340	0.201
9700.000	5.000	-48.413	0.200
9710.000	5.000	-47.974	0.201
9720.000	5.000	-48.120	0.205
9730.000	5.000	-48.486	0.197
9740.000	5.000	-48.340	0.197
9750.000	5.000	-48.560	0.202
9760.000	5.000	-48.779	0.198
9770.000	5.000	-48.779	0.202
9780.000	5.000	-48.926	0.201
9790.000	5.000	-49.146	0.201
9800.000	5.000	-48.853	0.198
9810.000	5.000	-49.219	0.203
9820.000	5.000	-49.438	0.200
9830.000	5.000	-49.292	0.198
9840.000	5.000	-49.292	0.202
9850.000	5.000	-49.585	0.201
9860.000	5.000	-49.438	0.198
9870.000	5.000	-49.585	0.200
9880.000	5.000	-49.585	0.197
9890.000	5.000	-49.438	0.200
9900.000	5.000	-49.585	0.201
9910.000	5.000	-49.805	0.201
9920.000	5.000	-49.731	0.200
9930.000	5.000	-49.805	0.201
9940.000	5.000	-50.024	0.200
9950.000	5.000	-49.658	0.201
9960.000	5.000	-49.731	0.198
9970.000	5.000	-49.951	0.198
9980.000	5.000	-50.244	0.198
9990.000	5.000	-50.391	0.201
10000.000	5.000	-50.757	0.198
10010.000	5.000	-50.317	0.201
10020.000	5.000	-50.244	0.200
10030.000	5.000	-50.317	0.200
10040.000	5.000	-50.244	0.200
10050.000	5.000	-50.537	0.200
10060.000	5.000	-50.903	0.198
10070.000	5.000	-50.684	0.202
10080.000	5.000	-50.537	0.201
10090.000	5.000	-50.830	0.198
10100.000	5.000	-50.684	0.201
10110.000	5.000	-51.123	0.200
10120.000	5.000	-51.416	0.202
10130.000	5.000	-51.196	0.198
10140.000	5.000	-51.270	0.201
10150.000	5.000	-51.343	0.200
10160.000	5.000	-51.123	0.198
10170.000	5.000	-51.343	0.200
10180.000	5.000	-51.562	0.201
10190.000	5.000	-51.196	0.200
10200.000	5.000	-51.416	0.201
10210.000	5.000	-51.562	0.201
10220.000	5.000	-51.489	0.200
10230.000	5.000	-51.636	0.198
10240.000	5.000	-51.855	0.200
10250.000	5.000	-51.782	0.200
10260.000	5.000	-51.929	0.198
10270.000	5.000	-52.075	0.198
10280.000	5.000	-51.855	0.201
10290.000	5.000	-52.295	0.200
10300.000	5.000	-52.515	0.198
10310.000	5.000	-52.222	0.201
10320.000	5.000	-52.075	0.197
10330.000	5.000	-52.441	0.201
10340.000	5.000	-52.441	0.200
10350.000	5.000	-52.515	0.197
10360.000	5.000	-52.588	0.201
10370.000	5.000	-52.368	0.200
10380.000	5.000	-52.881	0.200
10390.000	5.000	-52.808	0.201
10400.000	5.000	-52.368	0.200
10410.000	5.000	-52.368	0.200
10420.000	5.000	-53.027	0.200
10430.000	5.000	-52.808	0.200
10440.000	5.000	-52.661	0.200
10450.000	5.000	-53.174	0.198
10460.000	5.000	-53.027	0.198
10470.000	5.000	-53.101	0.201
10480.000	5.000	-52.881	0.200
10490.000	5.000	-52.881	0.202
10500.000	5.000	-53.101	0.198
10510.000	5.000	-53.320	0.200
10520.000	5.000	-52.954	0.201
10530.000	5.000	-53.320	0.201
10540.000	5.000	-53.540	0.202
10550.000	5.000	-52.808	0.200
10560.000	5.000	-52.881	0.201
10570.000	5.000	-53.320	0.200
10580.000	5.000	-53.174	0.198
10590.000	5.000	-53.320	0.200
10600.000	5.000	-53.760	0.200
10610.000	5.000	-53.687	0.202
10620.000	5.000	-53.394	0.200
10630.000	5.000	-53.394	0.200
10640.000	5.000	-53.394	0.200
10650.000	5.000	-53.613	0.201
10660.000	5.000	-53.979	0.201
10670.000	5.000	-53.760	0.202
10680.000	5.000	-53.833	0.198
10690.000	5.000	-53.687	0.200
10700.000	5.000	-53.320	0.202
10710.000	5.000	-53.540	0.201
10720.000	5.000	-53.979	0.200
10730.000	5.000	-53.833	0.197
10740.000	5.000	-53.979	0.197
10750.000	5.000	-54.126	0.202
10760.000	5.000	-53.760	0.200
10770.000	5.000	-53.979	0.200
10780.000	5.000	-54.199	0.198
10790.000	5.000	-54.126	0.198
10800.000	5.000	-54.492	0.200
10810.000	5.000	-54.419	0.200
10820.000	5.000	-54.126	0.200
10830.000	5.000	-54.272	0.201
10840.000	5.000	-54.419	0.198
10850.000	5.000	-54.346	0.200
10860.000	5.000	-54.785	0.201
10870.000	5.000	-54.639	0.200
10880.000	5.000	-54.199	0.202
10890.000	5.000	-54.785	0.200
10900.000	5.000	-54.712	0.201
10910.000	5.000	-54.565	0.197
10920.000	5.000	-55.225	0.201
10930.000	5.000	-55.078	0.198
10940.000	5.000	-54.712	0.202
10950.000	5.000	-55.078	0.198
10960.000	5.000	-55.005	0.198
10970.000	5.000	-55.151	0.201
10980.000	5.000	-55.444	0.198
10990.000	5.000	-55.225	0.198
11000.000	5.000	-55.151	0.203
11010.000	5.000	-55.371	0.200
11020.000	5.000	-55.298	0.202
11030.000	5.000	-55.444	0.198
11040.000	5.000	-55.664	0.200
11050.000	5.000	-55.811	0.200
11060.000	5.000	-55.591	0.198
11070.000	5.000	-55.444	0.198
11080.000	5.000	-56.030	0.201
11090.000	5.000	-55.884	0.198
11100.000	5.000	-55.884	0.201
11110.000	5.000	-56.250	0.198
11120.000	5.000	-55.957	0.200
11130.000	5.000	-56.177	0.200
11140.000	5.000	-56.250	0.198
11150.000	5.000	-55.957	0.202
11160.000	5.000	-56.250	0.198
11170.000	5.000	-56.689	0.198
11180.000	5.000	-56.470	0.202
11190.000	5.000	-56.689	0.201
11200.000	5.000	-56.470	0.198
11210.000	5.000	-56.470	0.198
11220.000	5.000	-56.763	0.202
11230.000	5.000	-56.763	0.202
11240.000	5.000	-56.763	0.198
11250.000	5.000	-57.056	0.200
11260.000	5.000	-57.056	0.200
11270.000	5.000	-57.202	0.197
11280.000	5.000	-57.275	0.198
11290.000	5.000	-57.275	0.198
11300.000	5.000	-57.275	0.200
11310.000	5.000	-57.275	0.202
11320.000	5.000	-57.275	0.202
11330.000	5.000	-57.422	0.198
11340.000	5.000	-57.642	0.198
11350.000	5.000	-57.642	0.198
11360.000	5.000	-57.935	0.201
11370.000	5.000	-58.008	0.202
11380.000	5.000	-58.008	0.202
11390.000	5.000	-58.008	0.201
11400.000	5.000	-57.861	0.198
11410.000	5.000	-57.861	0.198
11420.000	5.000	-58.228	0.201
11430.000	5.000	-58.374	0.201
11440.000	5.000	-58.667	0.200
11450.000	5.000	-58.228	0.201
11460.000	5.000	-58.374	0.201
11470.000	5.000	-58.740	0.197
11480.000	5.000	-58.667	0.201
11490.000	5.000	-58.374	0.198
11500.000	5.000	-58.521	0.198
11510.000	5.000	-58.887	0.198
11520.000	5.000	-58.740	0.201
11530.000	5.000	-58.594	0.201
11540.000	5.000	-58.667	0.201
11550.000	5.000	-58.667	0.201
11560.000	5.000	-58.960	0.202
11570.000	5.000	-58.374	0.200
11580.000	5.000	-58.521	0.202
11590.000	5.000	-59.033	0.198
11600.000	5.000	-58.740	0.198
11610.000	5.000	-58.594	0.201
11620.000	5.000	-58.740	0.200
11630.000	5.000	-58.887	0.202
11640.000	5.000	-58.960	0.201
11650.000	5.000	-59.106	0.198
11660.000	5.000	-58.667	0.201
11670.000	5.000	-59.399	0.198
11680.000	5.000	-59.253	0.198
11690.000	5.000	-59.106	0.200
11700.000	5.000	-59.033	0.201
11710.000	5.000	-59.473	0.201
11720.000	5.000	-59.033	0.200
11730.000	5.000	-59.106	0.201
11740.000	5.000	-59.253	0.197
11750.000	5.000	-59.399	0.200
11760.000	5.000	-59.180	0.201
11770.000	5.000	-59.106	0.201
11780.000	5.000	-59.180	0.201
11790.000	5.000	-59.253	0.202
11800.000	5.000	-59.692	0.200
11810.000	5.000	-59.326	0.200
11820.000	5.000	-59.839	0.198
11830.000	5.000	-59.839	0.201
11840.000	5.000	-59.692	0.200
11850.000	5.000	-59.399	0.201
11860.000	5.000	-60.132	0.200
11870.000	5.000	-59.619	0.198
11880.000	5.000	-59.839	0.202
11890.000	5.000	-60.278	0.197
11900.000	5.000	-59.692	0.201
11910.000	5.000	-60.059	0.201
11920.000	5.000	-60.425	0.201
11930.000	5.000	-60.059	0.201
11940.000	5.000	-59.912	0.202
11950.000	5.000	-60.352	0.202
11960.000	5.000	-60.059	0.201
11970.000	5.000	-60.352	0.201
11980.000	5.000	-60.571	0.200
11990.000	5.000	-60.059	0.202
12000.000	5.000	-60.645	0.200
12010.000	5.000	-60.425	0.202
12020.000	5.000	-59.985	0.198
12030.000	5.000	-60.791	0.201
12040.000	5.000	-60.864	0.200
12050.000	5.000	-60.718	0.201
12060.000	5.000	-60.937	0.200
12070.000	5.000	-61.011	0.198
12080.000	5.000	-60.791	0.200
12090.000	5.000	-60.864	0.198
12100.000	5.000	-60.864	0.198
12110.000	5.000	-61.084	0.198
12120.000	5.000	-61.084	0.201
12130.000	5.000	-61.084	0.201
12140.000	5.000	-61.084	0.200
12150.000	5.000	-61.304	0.198
12160.000	5.000	-61.304	0.198
12170.000	5.000	-61.304	0.198
12180.000	5.000	-61.816	0.195
12190.000	5.000	-61.816	0.195
12200.000	5.000	-61.670	0.201
12210.000	5.000	-61.890	0.202
12220.000	5.000	-61.890	0.202
12230.000	5.000	-61.743	0.201
12240.000	5.000	-62.256	0.200
12250.000	5.000	-62.256	0.200
12260.000	5.000	-61.963	0.201
12270.000	5.000	-62.256	0.198
12280.000	5.000	-62.256	0.198
12290.000	5.000	-62.036	0.201
12300.000	5.000	-62.256	0.200
12310.000	5.000	-62.256	0.200
12320.000	5.000	-62.183	0.198
12330.000	5.000	-62.622	0.201
12340.000	5.000	-62.622	0.201
12350.000	5.000	-62.476	0.201
12360.000	5.000	-62.988	0.201
12370.000	5.000	-62.988	0.201
12380.000	5.000	-62.622	0.198
12390.000	5.000	-63.135	0.198
12400.000	5.000	-63.135	0.198
12410.000	5.000	-62.988	0.201
12420.000	5.000	-63.281	0.200
12430.000	5.000	-63.281	0.200
12440.000	5.000	-62.988	0.200
12450.000	5.000	-63.354	0.198
12460.000	5.000	-63.354	0.198
12470.000	5.000	-63.501	0.197
12480.000	5.000	-63.428	0.198
12490.000	5.000	-63.428	0.198
12500.000	5.000	-63.281	0.198
12510.000	5.000	-63.428	0.198
12520.000	5.000	-63.428	0.198
12530.000	5.000	-63.428	0.201
12540.000	5.000	-63.428	0.201
12550.000	5.000	-63.428	0.201
12560.000	5.000	-63.428	0.200
12570.000	5.000	-63.647	0.198
12580.000	5.000	-63.647	0.198
12590.000	5.000	-63.574	0.198
12600.000	5.000	-63.501	0.201
12610.000	5.000	-63.501	0.201
12620.000	5.000	-63.794	0.200
12630.000	5.000	-63.647	0.198
12640.000	5.000	-63.647	0.198
12650.000	5.000	-64.233	0.200
12660.000	5.000	-63.647	0.200
12670.000	5.000	-63.647	0.200
12680.000	5.000	-64.087	0.198
12690.000	5.000	-63.867	0.202
12700.000	5.000	-63.867	0.202
12710.000	5.000	-64.233	0.202
12720.000	5.000	-64.160	0.200
12730.000	5.000	-64.526	0.202
12740.000	5.000	-64.014	0.201
12750.000	5.000	-63.940	0.200
12760.000	5.000	-64.673	0.198
12770.000	5.000	-64.307	0.201
12780.000	5.000	-64.160	0.200
12790.000	5.000	-64.526	0.201
12800.000	5.000	-64.453	0.202
12810.000	5.000	-64.307	0.200
12820.000	5.000	-64.453	0.200
12830.000	5.000	-64.087	0.200
12840.000	5.000	-64.746	0.201
12850.000	5.000	-64.600	0.198
12860.000	5.000	-64.160	0.198
12870.000	5.000	-64.453	0.201
12880.000	5.000	-64.966	0.200
12890.000	5.000	-64.966	0.198
12900.000	5.000	-64.819	0.201
12910.000	5.000	-64.893	0.201
12920.000	5.000	-64.966	0.201
12930.000	5.000	-64.966	0.200
12940.000	5.000	-65.332	0.201
12950.000	5.000	-65.112	0.200
12960.000	5.000	-65.259	0.201
12970.000	5.000	-65.625	0.202
12980.000	5.000	-65.186	0.198
12990.000	5.000	-65.112	0.201
13000.000	5.000	-65.552	0.200
13010.000	5.000	-65.552	0.201
13020.000	5.000	-65.771	0.198
13030.000	5.000	-65.771	0.200
13040.000	5.000	-65.332	0.200
13050.000	5.000	-65.698	0.201
13060.000	5.000	-66.284	0.200
13070.000	5.000	-65.918	0.201
13080.000	5.000	-65.918	0.200
13090.000	5.000	-66.211	0.201
13100.000	5.000	-65.845	0.200
13110.000	5.000	-66.064	0.200
13120.000	5.000	-66.284	0.198
13130.000	5.000	-66.431	0.198
13140.000	5.000	-66.431	0.198
13150.000	5.000	-66.870	0.200
13160.000	5.000	-66.504	0.200
13170.000	5.000	-66.504	0.198
13180.000	5.000	-66.943	0.198
13190.000	5.000	-66.650	0.201
13200.000	5.000	-67.090	0.201
13210.000	5.000	-67.163	0.201
13220.000	5.000	-66.650	0.200
13230.000	5.000	-67.090	0.198
13240.000	5.000	-67.163	0.197
13250.000	5.000	-66.797	0.201
13260.000	5.000	-66.797	0.201
13270.000	5.000	-67.236	0.200
13280.000	5.000	-67.017	0.201
13290.000	5.000	-67.236	0.200
13300.000	5.000	-67.749	0.200
13310.000	5.000	-67.456	0.201
13320.000	5.000	-67.896	0.201
13330.000	5.000	-67.456	0.201
13340.000	5.000	-67.529	0.200
13350.000	5.000	-67.603	0.200
13360.000	5.000	-67.969	0.202
13370.000	5.000	-67.896	0.201
13380.000	5.000	-67.969	0.200
13390.000	5.000	-68.042	0.197
13400.000	5.000	-67.603	0.198
13410.000	5.000	-68.115	0.195
13420.000	5.000	-67.822	0.198
13430.000	5.000	-68.042	0.201
13440.000	5.000	-67.896	0.200
13450.000	5.000	-68.701	0.200
13460.000	5.000	-67.896	0.198
13470.000	5.000	-67.969	0.201
13480.000	5.000	-68.188	0.202
13490.000	5.000	-68.262	0.200
13500.000	5.000	-68.115	0.198
13510.000	5.000	-68.262	0.200
13520.000	5.000	-68.262	0.200
13530.000	5.000	-68.262	0.200
13540.000	5.000	-68.701	0.198
13550.000	5.000	-67.822	0.200
13560.000	5.000	-68.262	0.201
13570.000	5.000	-68.262	0.201
13580.000	5.000	-68.188	0.200
13590.000	5.000	-68.262	0.198
13600.000	5.000	-68.262	0.198
13610.000	5.000	-68.262	0.200
13620.000	5.000	-68.628	0.200
13630.000	5.000	-68.262	0.201
13640.000	5.000	-68.262	0.201
13650.000	5.000	-68.555	0.200
13660.000	5.000	-68.555	0.200
13670.000	5.000	-69.067	0.201
13680.000	5.000	-68.774	0.200
13690.000	5.000	-69.214	0.198
13700.000	5.000	-68.921	0.200
13710.000	5.000	-68.994	0.200
13720.000	5.000	-68.848	0.200
13730.000	5.000	-68.701	0.198
13740.000	5.000	-68.848	0.198
13750.000	5.000	-69.141	0.202
13760.000	5.000	-68.921	0.198
13770.000	5.000	-68.921	0.198
13780.000	5.000	-69.214	0.198
13790.000	5.000	-68.774	0.198
13800.000	5.000	-69.214	0.201
13810.000	5.000	-69.360	0.198
13820.000	5.000	-69.653	0.201
13830.000	5.000	-69.653	0.198
13840.000	5.000	-69.727	0.200
13850.000	5.000	-69.287	0.198
13860.000	5.000	-69.946	0.200
13870.000	5.000	-69.873	0.200
13880.000	5.000	-69.800	0.201
13890.000	5.000	-69.946	0.201
13900.000	5.000	-70.166	0.197
13910.000	5.000	-69.800	0.200
13920.000	5.000	-69.946	0.197
13930.000	5.000	-69.946	0.197
13940.000	5.000	-70.312	0.201
13950.000	5.000	-70.166	0.198
13960.000	5.000	-70.166	0.198
13970.000	5.000	-69.946	0.200
13980.000	5.000	-70.312	0.200
13990.000	5.000	-70.312	0.200
14000.000	5.000	-70.312	0.200
14010.000	5.000	-70.532	0.202
14020.000	5.000	-70.825	0.198
14030.000	5.000	-70.679	0.200
14040.000	5.000	-70.459	0.200
14050.000	5.000	-71.045	0.200
14060.000	5.000	-70.898	0.201
14070.000	5.000	-71.118	0.201
14080.000	5.000	-70.972	0.200
14090.000	5.000	-70.898	0.197
14100.000	5.000	-71.265	0.198
14110.000	5.000	-70.825	0.201
14120.000	5.000	-71.265	0.198
14130.000	5.000	-71.265	0.198
14140.000	5.000	-71.704	0.198
14150.000	5.000	-71.631	0.201
14160.000	5.000	-71.484	0.200
14170.000	5.000	-72.070	0.201
14180.000	5.000	-71.777	0.198
14190.000	5.000	-72.217	0.198
14200.000	5.000	-72.217	0.201
14210.000	5.000	-71.997	0.197
14220.000	5.000	-72.144	0.200
14230.000	5.000	-72.290	0.201
14240.000	5.000	-71.851	0.201
14250.000	5.000	-71.631	0.198
14260.000	5.000	-72.437	0.197
14270.000	5.000	-71.777	0.198
14280.000	5.000	-72.290	0.202
14290.000	5.000	-72.217	0.198
14300.000	5.000	-72.290	0.201
14310.000	5.000	-72.217	0.201
14320.000	5.000	-72.510	0.202
14330.000	5.000	-72.144	0.201
14340.000	5.000	-72.290	0.198
14350.000	5.000	-72.583	0.202
14360.000	5.000	-71.924	0.201
14370.000	5.000	-72.144	0.201
14380.000	5.000	-72.437	0.198
14390.000	5.000	-72.437	0.198
14400.000	5.000	-72.510	0.200
14410.000	5.000	-72.510	0.200
14420.000	5.000	-72.144	0.201
14430.000	5.000	-72.290	0.201
14440.000	5.000	-72.290	0.201
14450.000	5.000	-72.290	0.200
14460.000	5.000	-72.363	0.202
14470.000	5.000	-72.729	0.201
14480.000	5.000	-72.217	0.200
14490.000	5.000	-72.144	0.200
14500.000	5.000	-72.803	0.201
14510.000	5.000	-72.437	0.197
14520.000	5.000	-72.803	0.198
14530.000	5.000	-72.876	0.200
14540.000	5.000	-72.949	0.198
14550.000	5.000	-72.803	0.198
14560.000	5.000	-72.949	0.198
14570.000	5.000	-72.729	0.201
14580.000	5.000	-72.876	0.201
14590.000	5.000	-73.535	0.200
14600.000	5.000	-73.315	0.198
14610.000	5.000	-73.242	0.200
14620.000	5.000	-73.242	0.198
14630.000	5.000	-73.022	0.201
14640.000	5.000	-73.096	0.201
14650.000	5.000	-73.462	0.198
14660.000	5.000	-73.682	0.197
14670.000	5.000	-73.535	0.197
14680.000	5.000	-73.901	0.202
14690.000	5.000	-73.096	0.201
14700.000	5.000	-72.949	0.198
14710.000	5.000	-73.535	0.198
14720.000	5.000	-73.462	0.200
14730.000	5.000	-73.975	0.200
14740.000	5.000	-74.048	0.201
14750.000	5.000	-73.755	0.202
14760.000	5.000	-73.608	0.196
14770.000	5.000	-74.048	0.201
14780.000	5.000	-73.828	0.198
14790.000	5.000	-73.901	0.201
14800.000	5.000	-74.487	0.201
14810.000	5.000	-74.121	0.197
14820.000	5.000	-74.268	0.201
14830.000	5.000	-74.341	0.202
14840.000	5.000	-74.341	0.198
14850.000	5.000	-74.707	0.201
14860.000	5.000	-74.854	0.201
14870.000	5.000	-74.561	0.198
14880.000	5.000	-74.634	0.198
14890.000	5.000	-75.220	0.200
14900.000	5.000	-74.854	0.198
14910.000	5.000	-74.927	0.200
14920.000	5.000	-75.146	0.198
14930.000	5.000	-74.707	0.201
14940.000	5.000	-74.927	0.201
14950.000	5.000	-75.293	0.201
14960.000	5.000	-75.146	0.201
14970.000	5.000	-75.146	0.201
14980.000	5.000	-75.806	0.198
14990.000	5.000	-75.220	0.201
15000.000	5.000	-75.366	0.200
15010.000	5.000	-75.806	0.198
15020.000	5.000	-75.439	0.200
15030.000	5.000	-76.025	0.201
15040.000	5.000	-76.099	0.200
15050.000	5.000	-75.439	0.202
15060.000	5.000	-75.806	0.200
15070.000	5.000	-76.245	0.200
15080.000	5.000	-75.659	0.202
15090.000	5.000	-75.879	0.198
15100.000	5.000	-75.952	0.198
15110.000	5.000	-76.025	0.200
15120.000	5.000	-76.099	0.202
15130.000	5.000	-75.879	0.202
15140.000	5.000	-75.732	0.198
15150.000	5.000	-76.099	0.198
15160.000	5.000	-76.392	0.200
15170.000	5.000	-75.732	0.198
15180.000	5.000	-75.732	0.200
15190.000	5.000	-76.538	0.200
15200.000	5.000	-76.172	0.201
15210.000	5.000	-75.879	0.200
15220.000	5.000	-76.318	0.200
15230.000	5.000	-76.025	0.197
15240.000	5.000	-76.318	0.198
15250.000	5.000	-76.245	0.200
15260.000	5.000	-75.732	0.201
15270.000	5.000	-76.392	0.201
15280.000	5.000	-76.392	0.198
15290.000	5.000	-75.732	0.196
15300.000	5.000	-75.952	0.201
15310.000	5.000	-76.538	0.200
15320.000	5.000	-76.245	0.200
15330.000	5.000	-76.318	0.200
15340.000	5.000	-76.245	0.200
15350.000	5.000	-76.465	0.201
15360.000	5.000	-76.538	0.200
15370.000	5.000	-76.465	0.198
15380.000	5.000	-76.611	0.201
15390.000	5.000	-76.758	0.198
15400.000	5.000	-76.904	0.198
15410.000	5.000	-76.465	0.201
15420.000	5.000	-76.611	0.200
15430.000	5.000	-77.124	0.200
15440.000	5.000	-76.758	0.201
15450.000	5.000	-76.758	0.198
15460.000	5.000	-77.271	0.201
15470.000	5.000	-76.831	0.200
15480.000	5.000	-76.831	0.200
15490.000	5.000	-77.490	0.197
15500.000	5.000	-77.124	0.202
15510.000	5.000	-77.197	0.200
15520.000	5.000	-77.637	0.202
15530.000	5.000	-77.051	0.200
15540.000	5.000	-77.344	0.200
15550.000	5.000	-78.003	0.201
15560.000	5.000	-77.490	0.201
15570.000	5.000	-77.710	0.198
15580.000	5.000	-78.003	0.201
15590.000	5.000	-77.197	0.200
15600.000	5.000	-77.637	0.200
15610.000	5.000	-78.369	0.201
15620.000	5.000	-77.710	0.201
15630.000	5.000	-78.076	0.197
15640.000	5.000	-78.589	0.198
15650.000	5.000	-77.710	0.202
15660.000	5.000	-78.003	0.201
15670.000	5.000	-78.809	0.196
15680.000	5.000	-78.296	0.200
15690.000	5.000	-78.442	0.201
15700.000	5.000	-78.882	0.200
15710.000	5.000	-78.003	0.198
15720.000	5.000	-78.369	0.202
15730.000	5.000	-79.102	0.198
15740.000	5.000	-78.442	0.197
15750.000	5.000	-78.809	0.197
15760.000	5.000	-79.175	0.198
15770.000	5.000	-78.442	0.200
15780.000	5.000	-78.882	0.200
15790.000	5.000	-79.395	0.202
15800.000	5.000	-79.028	0.198
15810.000	5.000	-79.395	0.198
15820.000	5.000	-79.468	0.201
15830.000	5.000	-79.102	0.201
15840.000	5.000	-79.248	0.200
15850.000	5.000	-79.541	0.200
15860.000	5.000	-79.395	0.201
15870.000	5.000	-79.395	0.200
15880.000	5.000	-79.614	0.198
15890.000	5.000	-79.321	0.200
15900.000	5.000	-79.248	0.198
15910.000	5.000	-79.687	0.201
15920.000	5.000	-79.468	0.197
15930.000	5.000	-79.468	0.198
15940.000	5.000	-79.541	0.197
15950.000	5.000	-79.102	0.200
15960.000	5.000	-79.614	0.201
15970.000	5.000	-79.761	0.202
15980.000	5.000	-79.321	0.198
15990.000	5.000	-79.541	0.197
16000.000	5.000	-79.980	0.200
16010.000	5.000	-79.395	0.202
16020.000	5.000	-79.687	0.198
16030.000	5.000	-79.687	0.198
16040.000	5.000	-79.614	0.200
16050.000	5.000	-79.614	0.201
16060.000	5.000	-79.761	0.198
16070.000	5.000	-79.541	0.202
16080.000	5.000	-79.907	0.195
16090.000	5.000	-79.980	0.200
16100.000	5.000	-79.614	0.198
16110.000	5.000	-79.834	0.198
16120.000	5.000	-79.907	0.198
16130.000	5.000	-79.907	0.202
16140.000	5.000	-80.054	0.198
16150.000	5.000	-80.566	0.200
16160.000	5.000	-79.980	0.201
16170.000	5.000	-80.200	0.200
16180.000	5.000	-80.420	0.198
16190.000	5.000	-79.907	0.201
16200.000	5.000	-80.273	0.201
16210.000	5.000	-80.420	0.201
16220.000	5.000	-80.200	0.202
16230.000	5.000	-80.273	0.200
16240.000	5.000	-80.859	0.200
16250.000	5.000	-80.273	0.201
16260.000	5.000	-80.127	0.200
16270.000	5.000	-80.933	0.198
16280.000	5.000	-80.347	0.200
16290.000	5.000	-80.713	0.201
16300.000	5.000	-80.859	0.198
16310.000	5.000	-81.006	0.198
16320.000	5.000	-80.933	0.201
16330.000	5.000	-80.933	0.200
16340.000	5.000	-80.713	0.202
16350.000	5.000	-80.933	0.201
16360.000	5.000	-81.592	0.202
16370.000	5.000	-80.933	0.201
16380.000	5.000	-81.519	0.198
16390.000	5.000	-81.812	0.201
16400.000	5.000	-81.372	0.198
16410.000	5.000	-81.079	0.201
16420.000	5.000	-81.885	0.201
16430.000	5.000	-81.519	0.200
16440.000	5.000	-81.665	0.200
16450.000	5.000	-81.958	0.200
16460.000	5.000	-81.738	0.200
16470.000	5.000	-81.812	0.198
16480.000	5.000	-82.104	0.200
16490.000	5.000	-81.665	0.198
16500.000	5.000	-82.178	0.198
16510.000	5.000	-82.690	0.198
16520.000	5.000	-82.031	0.200
16530.000	5.000	-82.324	0.200
16540.000	5.000	-82.690	0.201
16550.000	5.000	-82.617	0.201
16560.000	5.000	-82.397	0.198
16570.000	5.000	-82.983	0.200
16580.000	5.000	-82.324	0.198
16590.000	5.000	-82.837	0.198
16600.000	5.000	-82.690	0.201
16610.000	5.000	-82.324	0.196
16620.000	5.000	-82.617	0.198
16630.000	5.000	-83.276	0.200
16640.000	5.000	-82.397	0.200
16650.000	5.000	-82.471	0.198
16660.000	5.000	-82.910	0.201
16670.000	5.000	-82.471	0.200
16680.000	5.000	-82.617	0.200
16690.000	5.000	-82.764	0.200
16700.000	5.000	-82.617	0.201
16710.000	5.000	-82.910	0.198
16720.000	5.000	-83.350	0.198
16730.000	5.000	-82.324	0.198
16740.000	5.000	-82.837	0.200
16750.000	5.000	-82.837	0.200
16760.000	5.000	-82.764	0.198
16770.000	5.000	-82.617	0.198
16780.000	5.000	-83.203	0.201
16790.000	5.000	-82.617	0.202
16800.000	5.000	-82.983	0.202
16810.000	5.000	-83.130	0.201
16820.000	5.000	-82.544	0.200
16830.000	5.000	-82.910	0.198
16840.000	5.000	-83.203	0.198
16850.000	5.000	-83.203	0.198
16860.000	5.000	-82.910	0.200
16870.000	5.000	-83.496	0.201
16880.000	5.000	-82.910	0.202
16890.000	5.000	-83.569	0.201
16900.000	5.000	-83.496	0.200
16910.000	5.000	-82.983	0.202
16920.000	5.000	-83.130	0.200
16930.000	5.000	-83.716	0.197
16940.000	5.000	-83.496	0.201
16950.000	5.000	-83.716	0.202
16960.000	5.000	-83.716	0.202
16970.000	5.000	-83.130	0.201
16980.000	5.000	-83.643	0.200
16990.000	5.000	-83.862	0.202
17000.000	5.000	-83.423	0.200
17010.000	5.000	-83.789	0.201
17020.000	5.000	-83.862	0.198
17030.000	5.000	-83.789	0.200
17040.000	5.000	-83.716	0.201
17050.000	5.000	-84.375	0.198
17060.000	5.000	-83.936	0.201
17070.000	5.000	-84.302	0.200
17080.000	5.000	-84.448	0.195
17090.000	5.000	-83.936	0.201
17100.000	5.000	-84.302	0.201
17110.000	5.000	-84.741	0.198
17120.000	5.000	-84.595	0.198
17130.000	5.000	-84.595	0.200
17140.000	5.000	-84.961	0.200
17150.000	5.000	-84.448	0.202
17160.000	5.000	-84.814	0.201
17170.000	5.000	-85.181	0.202
17180.000	5.000	-84.814	0.200
17190.000	5.000	-85.181	0.200
17200.000	5.000	-85.254	0.198
17210.000	5.000	-84.741	0.200
17220.000	5.000	-85.254	0.200
17230.000	5.000	-85.400	0.201
17240.000	5.000	-85.254	0.200
17250.000	5.000	-85.913	0.200
17260.000	5.000	-85.620	0.198
17270.000	5.000	-85.254	0.198
17280.000	5.000	-85.327	0.198
17290.000	5.000	-85.327	0.198
17300.000	5.000	-85.693	0.202
17310.000	5.000	-85.693	0.198
17320.000	5.000	-85.693	0.198
17330.000	5.000	-85.474	0.201
17340.000	5.000	-85.620	0.200
17350.000	5.000	-85.620	0.198
17360.000	5.000	-85.840	0.202
17370.000	5.000	-86.133	0.200
17380.000	5.000	-85.767	0.198
17390.000	5.000	-85.840	0.198
17400.000	5.000	-85.474	0.200
17410.000	5.000	-85.767	0.200
17420.000	5.000	-86.133	0.198
17430.000	5.000	-86.206	0.198
17440.000	5.000	-85.840	0.197
17450.000	5.000	-85.547	0.197
17460.000	5.000	-85.474	0.198
17470.000	5.000	-85.620	0.200
17480.000	5.000	-85.986	0.198
17490.000	5.000	-85.986	0.198
17500.000	5.000	-85.986	0.198
17510.000	5.000	-85.620	0.198
17520.000	5.000	-85.474	0.198
17530.000	5.000	-85.767	0.200
17540.000	5.000	-86.060	0.198
17550.000	5.000	-86.279	0.200
17560.000	5.000	-86.133	0.200
17570.000	5.000	-85.913	0.198
17580.000	5.000	-85.840	0.201
17590.000	5.000	-86.060	0.201
17600.000	5.000	-86.353	0.201
17610.000	5.000	-86.426	0.198
17620.000	5.000	-86.646	0.198
17630.000	5.000	-86.060	0.201
17640.000	5.000	-86.279	0.200
17650.000	5.000	-86.353	0.201
17660.000	5.000	-86.572	0.200
17670.000	5.000	-86.792	0.198
17680.000	5.000	-87.158	0.198
17690.000	5.000	-86.646	0.200
17700.000	5.000	-86.646	0.200
17710.000	5.000	-86.865	0.198
17720.000	5.000	-86.426	0.197
17730.000	5.000	-87.012	0.200
17740.000	5.000	-87.231	0.198
17750.000	5.000	-87.012	0.198
17760.000	5.000	-86.865	0.201
17770.000	5.000	-87.085	0.200
17780.000	5.000	-86.865	0.198
17790.000	5.000	-87.231	0.202
17800.000	5.000	-87.305	0.200
17810.000	5.000	-87.231	0.202
17820.000	5.000	-87.817	0.200
17830.000	5.000	-88.037	0.202
17840.000	5.000	-87.305	0.201
17850.000	5.000	-87.598	0.197
17860.000	5.000	-88.037	0.205
17870.000	5.000	-87.451	0.200
17880.000	5.000	-87.671	0.197
17890.000	5.000	-88.257	0.200
17900.000	5.000	-88.330	0.201
17910.000	5.000	-88.330	0.200
17920.000	5.000	-88.110	0.203
17930.000	5.000	-87.744	0.200
17940.000	5.000	-88.330	0.202
17950.000	5.000	-88.330	0.202
17960.000	5.000	-88.257	0.198
17970.000	5.000	-88.696	0.200
17980.000	5.000	-88.696	0.200
17990.000	5.000	-88.477	0.198
18000.000	5.000	-88.330	0.197
18010.000	5.000	-88.330	0.197
18020.000	5.000	-88.477	0.200
18030.000	5.000	-88.696	0.200
18040.000	5.000	-88.696	0.200
18050.000	5.000	-88.550	0.198
18060.000	5.000	-88.696	0.201
18070.000	5.000	-88.696	0.201
18080.000	5.000	-88.696	0.201
18090.000	5.000	-88.403	0.198
18100.000	5.000	-88.403	0.198
18110.000	5.000	-88.696	0.198
18120.000	5.000	-88.550	0.200
18130.000	5.000	-88.550	0.200
18140.000	5.000	-88.550	0.200
18150.000	5.000	-88.696	0.201
18160.000	5.000	-88.696	0.201
18170.000	5.000	-88.843	0.201
18180.000	5.000	-88.696	0.198
18190.000	5.000	-88.696	0.198
18200.000	5.000	-88.696	0.198
18210.000	5.000	-88.770	0.198
18220.000	5.000	-88.770	0.198
18230.000	5.000	-88.843	0.197
18240.000	5.000	-88.916	0.198
18250.000	5.000	-88.916	0.198
18260.000	5.000	-88.989	0.200
18270.000	5.000	-88.989	0.200
18280.000	5.000	-88.989	0.200
18290.000	5.000	-89.062	0.200
18300.000	5.000	-88.989	0.198
18310.000	5.000	-88.989	0.198
18320.000	5.000	-89.209	0.198
18330.000	5.000	-89.429	0.200
18340.000	5.000	-89.429	0.200
18350.000	5.000	-89.429	0.200
18360.000	5.000	-89.575	0.200
18370.000	5.000	-89.575	0.200
18380.000	5.000	-89.575	0.201
18390.000	5.000	-89.941	0.201
18400.000	5.000	-89.941	0.201
18410.000	5.000	-90.088	0.203
18420.000	5.000	-89.722	0.201
18430.000	5.000	-89.722	0.201
18440.000	5.000	-89.868	0.201
18450.000	5.000	-90.234	0.201
18460.000	5.000	-90.234	0.201
18470.000	5.000	-90.234	0.200
18480.000	5.000	-90.088	0.200
18490.000	5.000	-90.088	0.200
18500.000	5.000	-90.234	0.202
18510.000	5.000	-90.674	0.198
18520.000	5.000	-90.674	0.198
18530.000	5.000	-90.894	0.201
18540.000	5.000	-90.747	0.198
18550.000	5.000	-90.747	0.198
18560.000	5.000	-90.674	0.201
18570.000	5.000	-90.747	0.197
18580.000	5.000	-91.553	0.201
18590.000	5.000	-91.187	0.200
18600.000	5.000	-91.187	0.197
18610.000	5.000	-91.406	0.198
18620.000	5.000	-91.260	0.200
18630.000	5.000	-91.260	0.205
18640.000	5.000	-91.553	0.201
18650.000	5.000	-91.479	0.200
18660.000	5.000	-91.479	0.201
18670.000	5.000	-91.919	0.201
18680.000	5.000	-90.967	0.197
18690.000	5.000	-91.479	0.198
18700.000	5.000	-91.772	0.200
18710.000	5.000	-91.333	0.201
18720.000	5.000	-91.553	0.201
18730.000	5.000	-91.919	0.201
18740.000	5.000	-91.406	0.198
18750.000	5.000	-91.479	0.201
18760.000	5.000	-92.065	0.200
18770.000	5.000	-91.260	0.202
18780.000	5.000	-91.479	0.201
18790.000	5.000	-91.626	0.200
18800.000	5.000	-91.113	0.200
18810.000	5.000	-91.260	0.201
18820.000	5.000	-91.406	0.200
18830.000	5.000	-90.894	0.201
18840.000	5.000	-91.187	0.201
18850.000	5.000	-91.553	0.198
18860.000	5.000	-90.820	0.201
18870.000	5.000	-91.187	0.200
18880.000	5.000	-91.626	0.200
18890.000	5.000	-91.187	0.201
18900.000	5.000	-91.479	0.201
18910.000	5.000	-91.772	0.198
18920.000	5.000	-91.479	0.198
18930.000	5.000	-91.553	0.200
18940.000	5.000	-91.992	0.202
18950.000	5.000	-91.699	0.200
18960.000	5.000	-91.992	0.198
18970.000	5.000	-92.212	0.201
18980.000	5.000	-91.772	0.201
18990.000	5.000	-91.846	0.200
19000.000	5.000	-92.139	0.201
19010.000	5.000	-91.772	0.201
19020.000	5.000	-91.772	0.200
19030.000	5.000	-92.358	0.198
19040.000	5.000	-91.846	0.202
19050.000	5.000	-91.919	0.198
19060.000	5.000	-92.358	0.198
19070.000	5.000	-92.065	0.200
19080.000	5.000	-92.285	0.201
19090.000	5.000	-92.505	0.201
19100.000	5.000	-92.358	0.202
19110.000	5.000	-92.651	0.196
19120.000	5.000	-92.944	0.198
19130.000	5.000	-92.578	0.198
19140.000	5.000	-92.798	0.198
19150.000	5.000	-93.311	0.201
19160.000	5.000	-92.871	0.200
19170.000	5.000	-93.091	0.200
19180.000	5.000	-93.091	0.201
19190.000	5.000	-93.091	0.201
19200.000	5.000	-93.164	0.198
19210.000	5.000	-93.164	0.198
19220.000	5.000	-93.311	0.200
19230.000	5.000	-93.457	0.200
19240.000	5.000	-93.896	0.201
19250.000	5.000	-93.384	0.198
19260.000	5.000	-93.604	0.200
19270.000	5.000	-93.823	0.198
19280.000	5.000	-93.823	0.200
19290.000	5.000	-94.043	0.201
19300.000	5.000	-94.409	0.200
19310.000	5.000	-94.189	0.201
19320.000	5.000	-94.116	0.197
19330.000	5.000	-94.043	0.200
19340.000	5.000	-93.677	0.200
19350.000	5.000	-93.896	0.201
19360.000	5.000	-94.189	0.201
19370.000	5.000	-93.896	0.198
19380.000	5.000	-94.116	0.202
19390.000	5.000	-93.896	0.202
19400.000	5.000	-93.530	0.200
19410.000	5.000	-93.823	0.202
19420.000	5.000	-94.116	0.202
19430.000	5.000	-93.970	0.198
19440.000	5.000	-93.896	0.198
19450.000	5.000	-93.896	0.198
19460.000	5.000	-93.530	0.200
19470.000	5.000	-93.677	0.201
19480.000	5.000	-93.970	0.200
19490.000	5.000	-93.896	0.202
19500.000	5.000	-93.896	0.201
19510.000	5.000	-93.896	0.201
19520.000	5.000	-93.604	0.200
19530.000	5.000	-93.823	0.201
19540.000	5.000	-93.823	0.201
19550.000	5.000	-93.970	0.200
19560.000	5.000	-94.189	0.197
19570.000	5.000	-94.189	0.197
19580.000	5.000	-93.823	0.200
19590.000	5.000	-94.116	0.198
19600.000	5.000	-94.116	0.198
19610.000	5.000	-94.116	0.200
19620.000	5.000	-94.189	0.202
19630.000	5.000	-94.189	0.202
19640.000	5.000	-94.336	0.200
19650.000	5.000	-94.336	0.200
19660.000	5.000	-94.336	0.200
19670.000	5.000	-94.409	0.200
19680.000	5.000	-94.556	0.198
19690.000	5.000	-94.556	0.198
19700.000	5.000	-94.775	0.200
19710.000	5.000	-94.849	0.201
19720.000	5.000	-94.849	0.201
19730.000	5.000	-94.995	0.198
19740.000	5.000	-95.288	0.202
19750.000	5.000	-95.288	0.202
19760.000	5.000	-95.435	0.200
19770.000	5.000	-95.435	0.200
19780.000	5.000	-95.435	0.198
19790.000	5.000	-95.581	0.201
19800.000	5.000	-95.435	0.201
19810.000	5.000	-95.435	0.201
19820.000	5.000	-95.508	0.200
19830.000	5.000	-95.435	0.201
19840.000	5.000	-95.435	0.201
19850.000	5.000	-95.581	0.198
19860.000	5.000	-95.801	0.201
19870.000	5.000	-95.801	0.201
19880.000	5.000	-95.874	0.200
19890.000	5.000	-96.094	0.198
19900.000	5.000	-96.094	0.198
19910.000	5.000	-96.167	0.197
19920.000	5.000	-96.460	0.200
19930.000	5.000	-96.460	0.200
19940.000	5.000	-96.606	0.200
19950.000	5.000	-96.606	0.201
19960.000	5.000	-96.826	0.198
19970.000	5.000	-96.606	0.201
19980.000	5.000	-96.533	0.201
19990.000	5.000	-96.460	0.198
20000.000	5.000	-96.387	0.201
20010.000	5.000	-96.387	0.197
20020.000	5.000	-96.606	0.198
20030.000	5.000	-96.387	0.201
20040.000	5.000	-96.387	0.201
20050.000	5.000	-96.533	0.200
20060.000	5.000	-95.947	0.202
20070.000	5.000	-96.021	0.198
20080.000	5.000	-96.387	0.200
20090.000	5.000	-96.240	0.201
20100.000	5.000	-96.167	0.205
20110.000	5.000	-96.680	0.195
20120.000	5.000	-96.167	0.198
20130.000	5.000	-96.460	0.198
20140.000	5.000	-96.606	0.198
20150.000	5.000	-96.094	0.198
20160.000	5.000	-96.313	0.198
20170.000	5.000	-96.533	0.200
20180.000	5.000	-96.094	0.201
20190.000	5.000	-96.240	0.202
20200.000	5.000	-97.119	0.198
20210.000	5.000	-96.167	0.198
20220.000	5.000	-96.460	0.197
20230.000	5.000	-96.680	0.200
20240.000	5.000	-96.167	0.200
20250.000	5.000	-96.460	0.198
20260.000	5.000	-96.753	0.200
20270.000	5.000	-96.680	0.200
20280.000	5.000	-96.899	0.197
20290.000	5.000	-97.339	0.200
20300.000	5.000	-96.606	0.200
20310.000	5.000	-96.973	0.201
20320.000	5.000	-97.192	0.201
20330.000	5.000	-96.753	0.202
20340.000	5.000	-96.973	0.200
20350.000	5.000	-97.412	0.201
20360.000	5.000	-97.192	0.200
20370.000	5.000	-97.266	0.200
20380.000	5.000	-97.632	0.201
20390.000	5.000	-97.192	0.201
20400.000	5.000	-97.266	0.202
20410.000	5.000	-98.071	0.201
20420.000	5.000	-97.705	0.200
20430.000	5.000	-97.852	0.200
20440.000	5.000	-98.145	0.201
20450.000	5.000	-97.559	0.200
20460.000	5.000	-97.852	0.198
20470.000	5.000	-98.364	0.202
20480.000	5.000	-97.925	0.201
20490.000	5.000	-98.218	0.200
20500.000	5.000	-98.804	0.201
20510.000	5.000	-98.145	0.201
20520.000	5.000	-98.437	0.201
20530.000	5.000	-98.657	0.198
20540.000	5.000	-98.437	0.198
20550.000	5.000	-98.657	0.200
20560.000	5.000	-99.023	0.198
20570.000	5.000	-98.364	0.200
20580.000	5.000	-98.511	0.201
20590.000	5.000	-98.877	0.200
20600.000	5.000	-98.145	0.201
20610.000	5.000	-98.364	0.198
20620.000	5.000	-98.730	0.198
20630.000	5.000	-98.291	0.200
20640.000	5.000	-98.291	0.198
20650.000	5.000	-98.584	0.197
20660.000	5.000	-98.364	0.201
20670.000	5.000	-98.437	0.200
20680.000	5.000	-98.730	0.200
20690.000	5.000	-98.218	0.200
20700.000	5.000	-98.511	0.200
20710.000	5.000	-98.877	0.198
20720.000	5.000	-98.218	0.200
20730.000	5.000	-98.511	0.201
20740.000	5.000	-98.804	0.197
20750.000	5.000	-98.437	0.198
20760.000	5.000	-98.291	0.198
20770.000	5.000	-98.804	0.202
20780.000	5.000	-98.291	0.200
20790.000	5.000	-98.437	0.203
20800.000	5.000	-98.950	0.200
20810.000	5.000	-98.218	0.201
20820.000	5.000	-98.584	0.202
20830.000	5.000	-98.804	0.201
20840.000	5.000	-98.511	0.200
20850.000	5.000	-98.730	0.201
20860.000	5.000	-99.170	0.200
20870.000	5.000	-98.437	0.200
20880.000	5.000	-98.877	0.198
20890.000	5.000	-99.463	0.200
20900.000	5.000	-98.730	0.198
20910.000	5.000	-99.023	0.201
20920.000	5.000	-99.097	0.201
20930.000	5.000	-98.877	0.198
20940.000	5.000	-99.243	0.200
20950.000	5.000	-99.463	0.201
20960.000	5.000	-98.730	0.200
20970.000	5.000	-99.243	0.198
20980.000	5.000	-99.829	0.198
20990.000	5.000	-99.170	0.201
21000.000	5.000	-99.243	0.200
21010.000	5.000	-99.756	0.202
21020.000	5.000	-99.609	0.198
21030.000	5.000	-99.756	0.198
21040.000	5.000	-99.976	0.200
21050.000	5.000	-99.756	0.198
21060.000	5.000	-100.269	0.200
21070.000	5.000	-100.195	0.200
21080.000	5.000	-99.609	0.202
21090.000	5.000	-100.049	0.200
21100.000	5.000	-100.269	0.198
21110.000	5.000	-99.829	0.200
21120.000	5.000	-100.195	0.200
21130.000	5.000	-100.854	0.200
21140.000	5.000	-100.195	0.201
21150.000	5.000	-100.342	0.201
21160.000	5.000	-100.415	0.200
21170.000	5.000	-100.488	0.201
21180.000	5.000	-100.488	0.198
21190.000	5.000	-101.001	0.200
21200.000	5.000	-100.854	0.201
21210.000	5.000	-100.708	0.201
21220.000	5.000	-100.562	0.201
21230.000	5.000	-100.049	0.198
21240.000	5.000	-100.342	0.200
21250.000	5.000	-100.342	0.200
21260.000	5.000	-100.562	0.201
21270.000	5.000	-100.488	0.200
21280.000	5.000	-100.488	0.200
21290.000	5.000	-99.756	0.201
21300.000	5.000	-100.342	0.201
21310.000	5.000	-100.342	0.201
21320.000	5.000	-100.342	0.201
21330.000	5.000	-100.562	0.200
21340.000	5.000	-101.074	0.202
21350.000	5.000	-100.781	0.200
21360.000	5.000	-100.342	0.197
21370.000	5.000	-100.562	0.198
21380.000	5.000	-100.562	0.198
21390.000	5.000	-100.562	0.200
21400.000	5.000	-101.221	0.201
21410.000	5.000	-100.635	0.202
21420.000	5.000	-100.708	0.200
21430.000	5.000	-100.708	0.202
21440.000	5.000	-100.342	0.200
21450.000	5.000	-100.562	0.200
21460.000	5.000	-101.367	0.200
21470.000	5.000	-100.928	0.201
21480.000	5.000	-101.074	0.200
21490.000	5.000	-101.001	0.200
21500.000	5.000	-100.488	0.198
21510.000	5.000	-101.074	0.198
21520.000	5.000	-101.440	0.201
21530.000	5.000	-101.367	0.198
21540.000	5.000	-101.294	0.200
21550.000	5.000	-101.221	0.202
21560.000	5.000	-100.635	0.200
21570.000	5.000	-101.074	0.196
21580.000	5.000	-101.880	0.201
21590.000	5.000	-102.026	0.198
21600.000	5.000	-101.733	0.201
21610.000	5.000	-101.733	0.200
21620.000	5.000	-101.514	0.200
21630.000	5.000	-101.440	0.200
21640.000	5.000	-102.246	0.201
21650.000	5.000	-102.319	0.201
21660.000	5.000	-102.173	0.201
21670.000	5.000	-102.319	0.200
21680.000	5.000	-101.733	0.201
21690.000	5.000	-102.026	0.201
21700.000	5.000	-102.539	0.198
21710.000	5.000	-102.466	0.198
21720.000	5.000	-102.319	0.202
21730.000	5.000	-102.905	0.203
21740.000	5.000	-102.246	0.201
21750.000	5.000	-102.612	0.198
21760.000	5.000	-102.759	0.198
21770.000	5.000	-102.466	0.201
21780.000	5.000	-102.539	0.198
21790.000	5.000	-102.979	0.201
21800.000	5.000	-102.612	0.200
21810.000	5.000	-102.832	0.200
21820.000	5.000	-102.759	0.198
21830.000	5.000	-102.173	0.198
21840.000	5.000	-102.319	0.198
21850.000	5.000	-102.905	0.201
21860.000	5.000	-102.686	0.198
21870.000	5.000	-102.686	0.200
21880.000	5.000	-102.539	0.198
21890.000	5.000	-102.026	0.198
21900.000	5.000	-102.026	0.198
21910.000	5.000	-102.539	0.201
21920.000	5.000	-102.466	0.201
21930.000	5.000	-102.612	0.197
21940.000	5.000	-102.612	0.197
21950.000	5.000	-101.880	0.201
21960.000	5.000	-102.246	0.200
21970.000	5.000	-102.832	0.201
21980.000	5.000	-102.539	0.201
21990.000	5.000	-102.759	0.201
22000.000	5.000	-103.271	0.197
22010.000	5.000	-102.319	0.201
22020.000	5.000	-102.832	0.198
22030.000	5.000	-103.052	0.202
22040.000	5.000	-102.832	0.201
22050.000	5.000	-102.832	0.201
22060.000	5.000	-102.759	0.198
22070.000	5.000	-102.539	0.201
22080.000	5.000	-102.686	0.198
22090.000	5.000	-103.125	0.198
22100.000	5.000	-102.466	0.198
22110.000	5.000	-103.052	0.198
22120.000	5.000	-103.198	0.201
22130.000	5.000	-102.759	0.201
22140.000	5.000	-102.759	0.197
22150.000	5.000	-103.418	0.200
22160.000	5.000	-103.418	0.198
22170.000	5.000	-103.491	0.197
22180.000	5.000	-103.638	0.201
22190.000	5.000	-103.125	0.198
22200.000	5.000	-103.418	0.200
22210.000	5.000	-104.224	0.200
22220.000	5.000	-103.491	0.198
22230.000	5.000	-103.857	0.198
22240.000	5.000	-104.224	0.201
22250.000	5.000	-104.004	0.201
22260.000	5.000	-104.004	0.201
22270.000	5.000	-104.150	0.201
22280.000	5.000	-104.297	0.200
22290.000	5.000	-104.224	0.196
22300.000	5.000	-105.029	0.200
22310.000	5.000	-103.784	0.197
22320.000	5.000	-104.443	0.197
22330.000	5.000	-104.736	0.200
22340.000	5.000	-104.663	0.198
22350.000	5.000	-104.810	0.200
22360.000	5.000	-104.663	0.200
22370.000	5.000	-104.443	0.201
22380.000	5.000	-104.297	0.201
22390.000	5.000	-104.663	0.201
22400.000	5.000	-103.857	0.200
22410.000	5.000	-104.297	0.198
22420.000	5.000	-104.150	0.198
22430.000	5.000	-104.150	0.198
22440.000	5.000	-104.150	0.200
22450.000	5.000	-104.077	0.201
22460.000	5.000	-104.004	0.202
22470.000	5.000	-103.931	0.200
22480.000	5.000	-104.736	0.201
22490.000	5.000	-104.004	0.202
22500.000	5.000	-104.224	0.197
22510.000	5.000	-104.297	0.198
22520.000	5.000	-104.443	0.200
22530.000	5.000	-104.150	0.198
22540.000	5.000	-104.517	0.200
22550.000	5.000	-104.443	0.200
22560.000	5.000	-104.443	0.200
22570.000	5.000	-104.663	0.197
22580.000	5.000	-103.784	0.203
22590.000	5.000	-104.370	0.200
22600.000	5.000	-104.736	0.202
22610.000	5.000	-104.297	0.198
22620.000	5.000	-104.297	0.198
22630.000	5.000	-105.029	0.198
22640.000	5.000	-104.370	0.200
22650.000	5.000	-104.883	0.198
22660.000	5.000	-104.956	0.201
22670.000	5.000	-104.810	0.198
22680.000	5.000	-104.956	0.197
22690.000	5.000	-105.249	0.200
22700.000	5.000	-104.663	0.198
22710.000	5.000	-104.517	0.201
22720.000	5.000	-105.396	0.201
22730.000	5.000	-105.029	0.200
22740.000	5.000	-105.322	0.198
22750.000	5.000	-105.176	0.198
22760.000	5.000	-104.956	0.201
22770.000	5.000	-105.249	0.201
22780.000	5.000	-105.835	0.201
22790.000	5.000	-105.469	0.200
22800.000	5.000	-105.688	0.198
22810.000	5.000	-106.348	0.198
22820.000	5.000	-105.542	0.200
22830.000	5.000	-105.615	0.198
22840.000	5.000	-106.201	0.201
22850.000	5.000	-106.128	0.202
22860.000	5.000	-106.201	0.201
22870.000	5.000	-106.274	0.201
22880.000	5.000	-105.908	0.200
22890.000	5.000	-106.201	0.200
22900.000	5.000	-106.714	0.201
22910.000	5.000	-106.128	0.198
22920.000	5.000	-106.714	0.197
22930.000	5.000	-106.641	0.197
22940.000	5.000	-106.201	0.200
22950.000	5.000	-106.128	0.198
22960.000	5.000	-106.787	0.200
22970.000	5.000	-106.274	0.200
22980.000	5.000	-106.348	0.200
22990.000	5.000	-106.494	0.198
23000.000	5.000	-106.128	0.201
23010.000	5.000	-106.128	0.196
23020.000	5.000	-106.348	0.198
23030.000	5.000	-106.128	0.198
23040.000	5.000	-106.128	0.196
23050.000	5.000	-106.494	0.201
23060.000	5.000	-105.762	0.200
23070.000	5.000	-106.201	0.198
23080.000	5.000	-106.421	0.200
23090.000	5.000	-106.055	0.200
23100.000	5.000	-105.908	0.197
23110.000	5.000	-106.787	0.196
23120.000	5.000	-105.835	0.198
23130.000	5.000	-106.128	0.201
23140.000	5.000	-106.421	0.201
23150.000	5.000	-106.128	0.200
23160.000	5.000	-106.201	0.198
23170.000	5.000	-106.567	0.200
23180.000	5.000	-106.348	0.200
23190.000	5.000	-106.348	0.200
23200.000	5.000	-106.787	0.201
23210.000	5.000	-105.981	0.201
23220.000	5.000	-106.641	0.197
23230.000	5.000	-106.787	0.202
23240.000	5.000	-106.421	0.200
23250.000	5.000	-106.494	0.198
23260.000	5.000	-107.300	0.200
23270.000	5.000	-106.421	0.200
23280.000	5.000	-106.494	0.197
23290.000	5.000	-107.300	0.198
23300.000	5.000	-106.641	0.201
23310.000	5.000	-107.227	0.202
23320.000	5.000	-107.593	0.200
23330.000	5.000	-107.153	0.198
23340.000	5.000	-107.227	0.196
23350.000	5.000	-107.666	0.202
23360.000	5.000	-107.153	0.202
23370.000	5.000	-107.446	0.198
23380.000	5.000	-108.032	0.198
23390.000	5.000	-107.520	0.200
23400.000	5.000	-107.739	0.198
23410.000	5.000	-108.032	0.201
23420.000	5.000	-107.446	0.198
23430.000	5.000	-107.812	0.197
23440.000	5.000	-108.398	0.201
23450.000	5.000	-107.886	0.201
23460.000	5.000	-108.105	0.200
23470.000	5.000	-108.618	0.201
23480.000	5.000	-107.886	0.200
23490.000	5.000	-108.032	0.202
23500.000	5.000	-108.472	0.197
23510.000	5.000	-107.812	0.200
23520.000	5.000	-108.252	0.201
23530.000	5.000	-108.325	0.198
23540.000	5.000	-107.666	0.201
23550.000	5.000	-107.886	0.201
23560.000	5.000	-108.179	0.201
23570.000	5.000	-107.666	0.200
23580.000	5.000	-107.959	0.197
23590.000	5.000	-108.179	0.201
23600.000	5.000	-107.520	0.198
23610.000	5.000	-107.812	0.198
23620.000	5.000	-108.105	0.205
23630.000	5.000	-107.593	0.202
23640.000	5.000	-107.886	0.200
23650.000	5.000	-108.472	0.198
23660.000	5.000	-107.666	0.198
23670.000	5.000	-107.886	0.202
23680.000	5.000	-108.179	0.198
23690.000	5.000	-107.666	0.205
23700.000	5.000	-107.959	0.201
23710.000	5.000	-108.325	0.202
23720.000	5.000	-107.886	0.200
23730.000	5.000	-107.959	0.200
23740.000	5.000	-108.398	0.197
23750.000	5.000	-107.739	0.200
23760.000	5.000	-108.032	0.198
23770.000	5.000	-108.545	0.197
23780.000	5.000	-108.105	0.200
23790.000	5.000	-108.325	0.197
23800.000	5.000	-108.838	0.201
23810.000	5.000	-108.179	0.198
23820.000	5.000	-108.325	0.198
23830.000	5.000	-108.984	0.202
23840.000	5.000	-108.252	0.202
23850.000	5.000	-108.765	0.200
23860.000	5.000	-109.277	0.200
23870.000	5.000	-108.545	0.201
23880.000	5.000	-108.984	0.201
23890.000	5.000	-109.277	0.198
23900.000	5.000	-108.838	0.200
23910.000	5.000	-109.277	0.201
23920.000	5.000	-109.424	0.201
23930.000	5.000	-108.984	0.200
23940.000	5.000	-109.497	0.200
23950.000	5.000	-109.717	0.198
23960.000	5.000	-109.131	0.200
23970.000	5.000	-109.717	0.200
23980.000	5.000	-109.863	0.200
23990.000	5.000	-109.351	0.200
24000.000	5.000	-109.717	0.201
24010.000	5.000	-110.156	0.201
24020.000	5.000	-109.644	0.200
24030.000	5.000	-109.937	0.203
24040.000	5.000	-110.083	0.201
24050.000	5.000	-109.644	0.201
24060.000	5.000	-109.717	0.202
24070.000	5.000	-110.010	0.198
24080.000	5.000	-109.790	0.201
24090.000	5.000	-109.570	0.201
24100.000	5.000	-109.937	0.198
24110.000	5.000	-109.497	0.200
24120.000	5.000	-109.570	0.195
24130.000	5.000	-109.937	0.200
24140.000	5.000	-109.644	0.197
24150.000	5.000	-109.277	0.198
24160.000	5.000	-109.863	0.200
24170.000	5.000	-109.424	0.201
24180.000	5.000	-109.058	0.201
24190.000	5.000	-110.010	0.198
24200.000	5.000	-109.570	0.201
24210.000	5.000	-109.204	0.202
24220.000	5.000	-109.790	0.202
24230.000	5.000	-109.497	0.198
24240.000	5.000	-109.204	0.201
24250.000	5.000	-110.449	0.196
24260.000	5.000	-109.717	0.201
24270.000	5.000	-109.497	0.202
24280.000	5.000	-110.083	0.198
24290.000	5.000	-109.717	0.200
24300.000	5.000	-109.424	0.201
24310.000	5.000	-110.229	0.201
24320.000	5.000	-109.863	0.201
24330.000	5.000	-109.717	0.201
24340.000	5.000	-110.449	0.198
24350.000	5.000	-109.424	0.201
24360.000	5.000	-110.010	0.200
24370.000	5.000	-110.742	0.200
24380.000	5.000	-110.010	0.200
24390.000	5.000	-110.010	0.200
24400.000	5.000	-111.035	0.201
24410.000	5.000	-110.156	0.200
24420.000	5.000	-110.376	0.202
24430.000	5.000	-111.108	0.201
24440.000	5.000	-110.376	0.202
24450.000	5.000	-110.596	0.201
24460.000	5.000	-110.962	0.200
24470.000	5.000	-110.376	0.202
24480.000	5.000	-111.108	0.203
24490.000	5.000	-111.401	0.201
24500.000	5.000	-110.669	0.200
24510.000	5.000	-111.401	0.200
24520.000	5.000	-111.548	0.201
24530.000	5.000	-110.742	0.198
24540.000	5.000	-111.401	0.201
24550.000	5.000	-111.841	0.201
24560.000	5.000	-111.182	0.200
24570.000	5.000	-111.475	0.201
24580.000	5.000	-111.621	0.201
24590.000	5.000	-111.401	0.200
24600.000	5.000	-111.328	0.200
24610.000	5.000	-111.401	0.202
24620.000	5.000	-111.108	0.198
24630.000	5.000	-111.328	0.200
24640.000	5.000	-111.694	0.198
24650.000	5.000	-110.962	0.200
24660.000	5.000	-111.255	0.201
24670.000	5.000	-111.694	0.198
24680.000	5.000	-110.889	0.202
24690.000	5.000	-110.889	0.200
24700.000	5.000	-111.548	0.200
24710.000	5.000	-111.035	0.200
24720.000	5.000	-111.035	0.200
24730.000	5.000	-111.475	0.202
24740.000	5.000	-110.815	0.198
24750.000	5.000	-111.401	0.201
24760.000	5.000	-111.401	0.200
24770.000	5.000	-110.669	0.202
24780.000	5.000	-111.328	0.198
24790.000	5.000	-112.061	0.200
24800.000	5.000	-111.108	0.203
24810.000	5.000	-111.182	0.201
24820.000	5.000	-111.621	0.202
24830.000	5.000	-111.328	0.200
24840.000	5.000	-111.182	0.197
24850.000	5.000	-111.548	0.201
24860.000	5.000	-111.328	0.200
24870.000	5.000	-111.621	0.200
24880.000	5.000	-112.061	0.200
24890.000	5.000	-110.742	0.201
24900.000	5.000	-111.548	0.198
24910.000	5.000	-112.134	0.198
24920.000	5.000	-111.548	0.202
24930.000	5.000	-111.548	0.201
24940.000	5.000	-112.280	0.200
24950.000	5.000	-111.694	0.202
24960.000	5.000	-112.207	0.200
24970.000	5.000	-112.207	0.200
24980.000	5.000	-111.475	0.200
24990.000	5.000	-112.134	0.198
25000.000	5.000	-112.500	0.200
25010.000	5.000	-112.207	0.201
25020.000	5.000	-112.427	0.202
25030.000	5.000	-112.573	0.201
25040.000	5.000	-112.134	0.200
25050.000	5.000	-112.354	0.201
25060.000	5.000	-112.866	0.201
25070.000	5.000	-112.646	0.200
25080.000	5.000	-113.013	0.200
25090.000	5.000	-112.939	0.197
25100.000	5.000	-112.427	0.201
25110.000	5.000	-112.720	0.200
25120.000	5.000	-113.159	0.201
25130.000	5.000	-113.159	0.198
25140.000	5.000	-112.939	0.198
25150.000	5.000	-113.013	0.197
25160.000	5.000	-112.427	0.198
25170.000	5.000	-112.573	0.202
25180.000	5.000	-113.232	0.200
25190.000	5.000	-112.939	0.201
25200.000	5.000	-112.939	0.200
25210.000	5.000	-112.720	0.197
25220.000	5.000	-112.280	0.200
25230.000	5.000	-112.500	0.201
25240.000	5.000	-112.500	0.201
25250.000	5.000	-112.500	0.201
25260.000	5.000	-112.720	0.198
25270.000	5.000	-112.720	0.198
25280.000	5.000	-112.207	0.200
25290.000	5.000	-112.500	0.198
25300.000	5.000	-113.013	0.201
25310.000	5.000	-112.646	0.198
25320.000	5.000	-112.866	0.198
25330.000	5.000	-113.086	0.200
25340.000	5.000	-113.013	0.201
25350.000	5.000	-112.866	0.197
25360.000	5.000	-113.086	0.201
25370.000	5.000	-112.793	0.198
25380.000	5.000	-112.866	0.201
25390.000	5.000	-113.232	0.201
25400.000	5.000	-112.573	0.201
25410.000	5.000	-112.793	0.197
25420.000	5.000	-113.086	0.200
25430.000	5.000	-112.720	0.198
25440.000	5.000	-113.013	0.200
25450.000	5.000	-113.599	0.200
25460.000	5.000	-112.866	0.201
25470.000	5.000	-113.232	0.200
25480.000	5.000	-113.379	0.198
25490.000	5.000	-113.086	0.197
25500.000	5.000	-113.525	0.200
25510.000	5.000	-113.965	0.200
25520.000	5.000	-113.672	0.198
25530.000	5.000	-113.379	0.200
25540.000	5.000	-114.038	0.200
25550.000	5.000	-113.379	0.200
25560.000	5.000	-113.892	0.200
25570.000	5.000	-114.404	0.198
25580.000	5.000	-113.965	0.201
25590.000	5.000	-114.331	0.198
25600.000	5.000	-114.404	0.201
25610.000	5.000	-113.965	0.201
25620.000	5.000	-113.892	0.200
25630.000	5.000	-114.771	0.198
25640.000	5.000	-114.111	0.201
25650.000	5.000	-114.258	0.201
25660.000	5.000	-114.771	0.202
25670.000	5.000	-114.038	0.198
25680.000	5.000	-114.331	0.198
25690.000	5.000	-114.331	0.200
25700.000	5.000	-113.672	0.202
25710.000	5.000	-114.038	0.202
25720.000	5.000	-114.697	0.198
25730.000	5.000	-114.038	0.197
25740.000	5.000	-114.038	0.201
25750.000	5.000	-114.624	0.197
25760.000	5.000	-113.525	0.200
25770.000	5.000	-113.818	0.201
25780.000	5.000	-114.038	0.200
25790.000	5.000	-113.672	0.201
25800.000	5.000	-114.258	0.202
25810.000	5.000	-114.404	0.198
25820.000	5.000	-113.818	0.201
25830.000	5.000	-113.745	0.201
25840.000	5.000	-114.111	0.198
25850.000	5.000	-113.306	0.198
25860.000	5.000	-114.185	0.200
25870.000	5.000	-114.478	0.200
25880.000	5.000	-113.892	0.201
25890.000	5.000	-114.258	0.198
25900.000	5.000	-114.185	0.197
25910.000	5.000	-114.111	0.201
25920.000	5.000	-113.818	0.198
25930.000	5.000	-114.331	0.201
25940.000	5.000	-114.038	0.200
25950.000	5.000	-114.404	0.198
25960.000	5.000	-114.771	0.200
25970.000	5.000	-114.185	0.201
25980.000	5.000	-114.624	0.201
25990.000	5.000	-114.478	0.201
26000.000	5.000	-114.551	0.201
26010.000	5.000	-114.185	0.200
26020.000	5.000	-115.430	0.198
26030.000	5.000	-114.771	0.198
26040.000	5.000	-115.063	0.200
26050.000	5.000	-115.137	0.201
26060.000	5.000	-114.478	0.201
26070.000	5.000	-114.990	0.200
26080.000	5.000	-115.356	0.200
26090.000	5.000	-115.356	0.200
26100.000	5.000	-115.283	0.201
26110.000	5.000	-115.796	0.201
26120.000	5.000	-114.771	0.198
26130.000	5.000	-115.503	0.198
26140.000	5.000	-115.869	0.198
26150.000	5.000	-115.503	0.201
26160.000	5.000	-115.649	0.196
26170.000	5.000	-115.576	0.200
26180.000	5.000	-115.063	0.202
26190.000	5.000	-115.210	0.201
26200.000	5.000	-115.649	0.197
26210.000	5.000	-115.503	0.200
26220.000	5.000	-115.723	0.200
26230.000	5.000	-115.430	0.201
26240.000	5.000	-115.137	0.200
26250.000	5.000	-115.283	0.200
26260.000	5.000	-116.016	0.198
26270.000	5.000	-115.356	0.200
26280.000	5.000	-115.430	0.200
26290.000	5.000	-115.283	0.198
26300.000	5.000	-114.917	0.197
26310.000	5.000	-114.917	0.198
26320.000	5.000	-115.210	0.198
26330.000	5.000	-115.210	0.198
26340.000	5.000	-115.430	0.198
26350.000	5.000	-115.430	0.198
26360.000	5.000	-114.844	0.202
26370.000	5.000	-115.356	0.200
26380.000	5.000	-115.796	0.201
26390.000	5.000	-115.796	0.198
26400.000	5.000	-115.430	0.197
26410.000	5.000	-116.089	0.201
26420.000	5.000	-115.283	0.197
26430.000	5.000	-115.576	0.200
26440.000	5.000	-115.576	0.201
26450.000	5.000	-115.356	0.198
26460.000	5.000	-115.356	0.200
26470.000	5.000	-115.869	0.201
26480.000	5.000	-115.430	0.200
26490.000	5.000	-115.430	0.198
26500.000	5.000	-116.016	0.202
26510.000	5.000	-115.210	0.202
26520.000	5.000	-116.089	0.200
26530.000	5.000	-116.309	0.200
26540.000	5.000	-116.235	0.198
26550.000	5.000	-116.382	0.200
26560.000	5.000	-116.528	0.201
26570.000	5.000	-115.796	0.198
26580.000	5.000	-115.942	0.200
26590.000	5.000	-116.675	0.200
26600.000	5.000	-116.748	0.200
26610.000	5.000	-116.528	0.198
26620.000	5.000	-116.675	0.200
26630.000	5.000	-116.016	0.200
26640.000	5.000	-116.455	0.201
26650.000	5.000	-116.895	0.201
26660.000	5.000	-116.675	0.201
26670.000	5.000	-116.821	0.201
26680.000	5.000	-117.261	0.200
26690.000	5.000	-116.309	0.201
26700.000	5.000	-116.309	0.201
26710.000	5.000	-117.187	0.200
26720.000	5.000	-116.675	0.203
26730.000	5.000	-116.968	0.203
26740.000	5.000	-116.675	0.201
26750.000	5.000	-116.235	0.201
26760.000	5.000	-116.528	0.201
26770.000	5.000	-117.114	0.201
26780.000	5.000	-116.455	0.202
26790.000	5.000	-116.821	0.201
26800.000	5.000	-116.675	0.200
26810.000	5.000	-116.162	0.201
26820.000	5.000	-116.309	0.201
26830.000	5.000	-116.895	0.200
26840.000	5.000	-116.821	0.198
26850.000	5.000	-116.895	0.201
26860.000	5.000	-116.602	0.198
26870.000	5.000	-116.309	0.201
26880.000	5.000	-116.455	0.203
26890.000	5.000	-117.041	0.197
26900.000	5.000	-116.675	0.198
26910.000	5.000	-116.895	0.200
26920.000	5.000	-116.968	0.200
26930.000	5.000	-116.528	0.198
26940.000	5.000	-116.528	0.198
26950.000	5.000	-117.041	0.201
26960.000	5.000	-116.821	0.198
26970.000	5.000	-117.041	0.198
26980.000	5.000	-116.968	0.197
26990.000	5.000	-116.602	0.200
27000.000	5.000	-116.968	0.200
27010.000	5.000	-116.968	0.202
27020.000	5.000	-116.968	0.202
27030.000	5.000	-117.261	0.198
27040.000	5.000	-117.261	0.198
27050.000	5.000	-116.968	0.201
27060.000	5.000	-117.187	0.198
27070.000	5.000	-117.187	0.198
27080.000	5.000	-117.407	0.202
27090.000	5.000	-117.480	0.200
27100.000	5.000	-117.920	0.198
27110.000	5.000	-117.700	0.200
27120.000	5.000	-117.773	0.198
27130.000	5.000	-117.773	0.198
27140.000	5.000	-117.847	0.200
27150.000	5.000	-117.773	0.202
27160.000	5.000	-118.140	0.200
27170.000	5.000	-117.920	0.201
27180.000	5.000	-117.920	0.198
27190.000	5.000	-118.359	0.201
27200.000	5.000	-117.920	0.200
27210.000	5.000	-117.920	0.202
27220.000	5.000	-118.140	0.200
27230.000	5.000	-117.700	0.201
27240.000	5.000	-118.213	0.201
27250.000	5.000	-118.433	0.200
27260.000	5.000	-118.140	0.198
27270.000	5.000	-118.286	0.198
27280.000	5.000	-118.433	0.197
27290.000	5.000	-117.407	0.200
27300.000	5.000	-117.773	0.201
27310.000	5.000	-118.213	0.198
27320.000	5.000	-117.993	0.198
27330.000	5.000	-118.140	0.198
27340.000	5.000	-117.847	0.197
27350.000	5.000	-117.407	0.198
27360.000	5.000	-117.627	0.200
27370.000	5.000	-117.847	0.200
27380.000	5.000	-117.554	0.201
27390.000	5.000	-117.993	0.201
27400.000	5.000	-117.993	0.198
27410.000	5.000	-117.407	0.200
27420.000	5.000	-117.554	0.200
27430.000	5.000	-118.140	0.200
27440.000	5.000	-117.773	0.201
27450.000	5.000	-117.847	0.201
27460.000	5.000	-117.847	0.200
27470.000	5.000	-117.480	0.198
27480.000	5.000	-117.773	0.201
27490.000	5.000	-118.213	0.198
27500.000	5.000	-117.920	0.198
27510.000	5.000	-118.286	0.201
27520.000	5.000	-118.066	0.198
27530.000	5.000	-117.773	0.201
27540.000	5.000	-118.066	0.201
27550.000	5.000	-119.092	0.201
27560.000	5.000	-118.652	0.200
27570.000	5.000	-118.726	0.200
27580.000	5.000	-118.726	0.200
27590.000	5.000	-118.579	0.197
27600.000	5.000	-118.652	0.200
27610.000	5.000	-118.652	0.200
27620.000	5.000	-118.945	0.200
27630.000	5.000	-119.019	0.200
27640.000	5.000	-119.019	0.200
27650.000	5.000	-118.286	0.198
27660.000	5.000	-118.799	0.200
27670.000	5.000	-118.799	0.200
27680.000	5.000	-119.604	0.202
27690.000	5.000	-119.238	0.198
27700.000	5.000	-119.971	0.198
27710.000	5.000	-119.531	0.200
27720.000	5.000	-119.531	0.197
27730.000	5.000	-119.751	0.201
27740.000	5.000	-119.531	0.200
27750.000	5.000	-119.385	0.198
27760.000	5.000	-119.312	0.200
27770.000	5.000	-119.604	0.198
27780.000	5.000	-118.872	0.198
27790.000	5.000	-119.312	0.198
27800.000	5.000	-118.506	0.201
27810.000	5.000	-119.092	0.198
27820.000	5.000	-119.238	0.200
27830.000	5.000	-118.799	0.200
27840.000	5.000	-119.019	0.198
27850.000	5.000	-119.092	0.198
27860.000	5.000	-118.579	0.201
27870.000	5.000	-118.506	0.200
27880.000	5.000	-119.238	0.200
27890.000	5.000	-118.579	0.200
27900.000	5.000	-119.019	0.200
27910.000	5.000	-118.872	0.202
27920.000	5.000	-118.799	0.200
27930.000	5.000	-118.726	0.202
27940.000	5.000	-119.385	0.200
27950.000	5.000	-119.019	0.200
27960.000	5.000	-119.458	0.198
27970.000	5.000	-119.312	0.200
27980.000	5.000	-118.726	0.201
27990.000	5.000	-119.092	0.200
28000.000	5.000	-119.238	0.200
28010.000	5.000	-119.165	0.201
28020.000	5.000	-118.872	0.198
28030.000	5.000	-119.531	0.201
28040.000	5.000	-118.945	0.201
28050.000	5.000	-119.604	0.200
28060.000	5.000	-119.385	0.200
28070.000	5.000	-119.824	0.200
28080.000	5.000	-119.897	0.200
28090.000	5.000	-120.117	0.200
28100.000	5.000	-120.190	0.198
28110.000	5.000	-120.117	0.202
28120.000	5.000	-120.630	0.198
28130.000	5.000	-120.117	0.202
28140.000	5.000	-120.264	0.201
28150.000	5.000	-120.483	0.201
28160.000	5.000	-120.337	0.200
28170.000	5.000	-120.557	0.201
28180.000	5.000	-120.630	0.203
28190.000	5.000	-120.557	0.201
28200.000	5.000	-120.264	0.200
28210.000	5.000	-120.850	0.200
28220.000	5.000	-120.410	0.201
28230.000	5.000	-120.483	0.202
28240.000	5.000	-120.703	0.198
28250.000	5.000	-120.044	0.198
28260.000	5.000	-120.483	0.198
28270.000	5.000	-120.557	0.200
28280.000	5.000	-120.337	0.201
28290.000	5.000	-120.264	0.201
28300.000	5.000	-120.264	0.201
28310.000	5.000	-119.897	0.200
28320.000	5.000	-119.897	0.201
28330.000	5.000	-120.850	0.201
28340.000	5.000	-120.117	0.201
28350.000	5.000	-120.483	0.203
28360.000	5.000	-120.190	0.202
28370.000	5.000	-119.604	0.200
28380.000	5.000	-119.971	0.202
28390.000	5.000	-120.044	0.200
28400.000	5.000	-120.117	0.200
28410.000	5.000	-120.117	0.201
28420.000	5.000	-120.996	0.198
28430.000	5.000	-119.751	0.200
28440.000	5.000	-120.264	0.201
28450.000	5.000	-120.410	0.198
28460.000	5.000	-120.337	0.200
28470.000	5.000	-120.483	0.202
28480.000	5.000	-120.923	0.200
28490.000	5.000	-120.776	0.202
28500.000	5.000	-120.630	0.200
28510.000	5.000	-120.996	0.200
28520.000	5.000	-119.971	0.198
28530.000	5.000	-120.410	0.202
28540.000	5.000	-121.143	0.200
28550.000	5.000	-120.630	0.201
28560.000	5.000	-120.923	0.196
28570.000	5.000	-121.143	0.200
28580.000	5.000	-120.337	0.198
28590.000	5.000	-120.703	0.201
28600.000	5.000	-121.362	0.202
28610.000	5.000	-120.996	0.201
28620.000	5.000	-121.362	0.198
28630.000	5.000	-121.729	0.201
28640.000	5.000	-120.776	0.200
28650.000	5.000	-121.143	0.201
28660.000	5.000	-121.802	0.200
28670.000	5.000	-121.216	0.202
28680.000	5.000	-121.582	0.201
28690.000	5.000	-121.948	0.202
28700.000	5.000	-121.143	0.198
28710.000	5.000	-121.509	0.201
28720.000	5.000	-121.948	0.201
28730.000	5.000	-121.362	0.200
28740.000	5.000	-121.509	0.201
28750.000	5.000	-121.802	0.200
28760.000	5.000	-121.069	0.201
28770.000	5.000	-121.582	0.202
28780.000	5.000	-121.802	0.198
28790.000	5.000	-121.069	0.201
28800.000	5.000	-121.362	0.201
28810.000	5.000	-121.509	0.200
28820.000	5.000	-120.850	0.200
28830.000	5.000	-121.289	0.202
28840.000	5.000	-121.509	0.201
28850.000	5.000	-120.996	0.201
28860.000	5.000	-120.996	0.200
28870.000	5.000	-121.289	0.202
28880.000	5.000	-120.996	0.198
28890.000	5.000	-121.143	0.201
28900.000	5.000	-121.655	0.198
28910.000	5.000	-120.850	0.198
28920.000	5.000	-121.069	0.201
28930.000	5.000	-121.729	0.198
28940.000	5.000	-121.069	0.201
28950.000	5.000	-121.436	0.198
28960.000	5.000	-121.729	0.201
28970.000	5.000	-121.216	0.200
28980.000	5.000	-121.289	0.201
28990.000	5.000	-121.875	0.201
29000.000	5.000	-121.436	0.198
29010.000	5.000	-121.509	0.200
29020.000	5.000	-121.948	0.197
29030.000	5.000	-121.143	0.200
29040.000	5.000	-121.802	0.201
29050.000	5.000	-122.168	0.200
29060.000	5.000	-121.729	0.198
29070.000	5.000	-121.875	0.197
29080.000	5.000	-122.534	0.196
29090.000	5.000	-121.802	0.200
29100.000	5.000	-121.802	0.200
29110.000	5.000	-122.534	0.201
29120.000	5.000	-122.095	0.201
29130.000	5.000	-122.681	0.202
29140.000	5.000	-122.754	0.201
29150.000	5.000	-122.168	0.201
29160.000	5.000	-122.534	0.200
29170.000	5.000	-123.193	0.200
29180.000	5.000	-122.314	0.200
29190.000	5.000	-122.681	0.200
29200.000	5.000	-123.047	0.203
29210.000	5.000	-122.827	0.201
29220.000	5.000	-122.827	0.198
29230.000	5.000	-122.754	0.200
29240.000	5.000	-122.241	0.200
29250.000	5.000	-122.314	0.201
29260.000	5.000	-123.120	0.198
29270.000	5.000	-122.168	0.198
29280.000	5.000	-122.314	0.197
29290.000	5.000	-122.827	0.197
29300.000	5.000	-122.168	0.200
29310.000	5.000	-122.241	0.198
29320.000	5.000	-122.607	0.201
29330.000	5.000	-121.948	0.201
29340.000	5.000	-122.388	0.198
29350.000	5.000	-122.974	0.201
29360.000	5.000	-122.021	0.202
29370.000	5.000	-122.388	0.201
29380.000	5.000	-122.388	0.201
29390.000	5.000	-122.168	0.198
29400.000	5.000	-122.168	0.200
29410.000	5.000	-121.875	0.201
29420.000	5.000	-122.095	0.197
29430.000	5.000	-122.095	0.197
29440.000	5.000	-122.974	0.200
29450.000	5.000	-122.095	0.202
29460.000	5.000	-122.241	0.201
29470.000	5.000	-123.120	0.200
29480.000	5.000	-122.534	0.200
29490.000	5.000	-122.607	0.198
29500.000	5.000	-123.120	0.198
29510.000	5.000	-122.681	0.203
29520.000	5.000	-123.193	0.198
29530.000	5.000	-123.560	0.200
29540.000	5.000	-122.461	0.198
29550.000	5.000	-122.974	0.198
29560.000	5.000	-123.486	0.200
29570.000	5.000	-122.827	0.200
29580.000	5.000	-123.120	0.197
29590.000	5.000	-123.267	0.206
29600.000	5.000	-123.340	0.201
29610.000	5.000	-123.560	0.198
29620.000	5.000	-123.560	0.202
29630.000	5.000	-123.413	0.200
29640.000	5.000	-123.633	0.198
29650.000	5.000	-123.926	0.197
29660.000	5.000	-123.413	0.201
29670.000	5.000	-123.633	0.198
29680.000	5.000	-124.292	0.201
29690.000	5.000	-123.560	0.201
29700.000	5.000	-123.633	0.198
29710.000	5.000	-124.219	0.203
29720.000	5.000	-123.560	0.200
29730.000	5.000	-123.340	0.200
29740.000	5.000	-124.146	0.201
29750.000	5.000	-123.560	0.198
29760.000	5.000	-123.486	0.200
29770.000	5.000	-124.146	0.200
29780.000	5.000	-123.267	0.200
29790.000	5.000	-123.633	0.200
29800.000	5.000	-123.706	0.200
29810.000	5.000	-122.900	0.202
29820.000	5.000	-123.560	0.198
29830.000	5.000	-123.926	0.200
29840.000	5.000	-122.900	0.200
29850.000	5.000	-123.267	0.200
29860.000	5.000	-123.779	0.200
29870.000	5.000	-122.900	0.202
29880.000	5.000	-123.193	0.198
29890.000	5.000	-123.706	0.200
29900.000	5.000	-123.267	0.201
29910.000	5.000	-123.486	0.201
29920.000	5.000	-123.560	0.201
29930.000	5.000	-123.413	0.200
29940.000	5.000	-123.413	0.202
29950.000	5.000	-123.779	0.200
29960.000	5.000	-123.413	0.200
29970.000	5.000	-123.560	0.198
29980.000	5.000	-123.926	0.200
29990.000	5.000	-123.267	0.198
30000.000	5.000	-123.706	0.198
30010.000	5.000	-124.146	0.198
30020.000	5.000	-123.779	0.197
30030.000	5.000	-123.853	0.201
30040.000	5.000	-124.731	0.202
30050.000	5.000	-123.999	0.200
30060.000	5.000	-123.999	0.202
30070.000	5.000	-124.658	0.201
30080.000	5.000	-124.365	0.200
30090.000	5.000	-124.512	0.200
30100.000	5.000	-124.951	0.201
30110.000	5.000	-124.438	0.198
30120.000	5.000	-124.512	0.201
30130.000	5.000	-125.098	0.200
30140.000	5.000	-124.365	0.198
30150.000	5.000	-124.658	0.201
30160.000	5.000	-125.244	0.200
30170.000	5.000	-124.585	0.200
30180.000	5.000	-124.731	0.198
30190.000	5.000	-125.391	0.201
30200.000	5.000	-124.512	0.200
30210.000	5.000	-124.805	0.198
30220.000	5.000	-125.317	0.200
30230.000	5.000	-124.438	0.198
30240.000	5.000	-124.585	0.200
30250.000	5.000	-125.317	0.201
30260.000	5.000	-124.438	0.200
30270.000	5.000	-124.438	0.202
30280.000	5.000	-125.098	0.201
30290.000	5.000	-124.146	0.198
30300.000	5.000	-124.365	0.198
30310.000	5.000	-125.024	0.202
30320.000	5.000	-124.146	0.200
30330.000	5.000	-124.292	0.201
30340.000	5.000	-124.951	0.200
30350.000	5.000	-123.926	0.201
30360.000	5.000	-124.365	0.198
30370.000	5.000	-124.878	0.201
30380.000	5.000	-123.999	0.201
30390.000	5.000	-124.438	0.200
30400.000	5.000	-124.731	0.200
30410.000	5.000	-124.072	0.200
30420.000	5.000	-124.438	0.201
30430.000	5.000	-124.878	0.201
30440.000	5.000	-124.146	0.197
30450.000	5.000	-124.658	0.200
30460.000	5.000	-124.512	0.200
30470.000	5.000	-123.926	0.198
30480.000	5.000	-124.585	0.201
30490.000	5.000	-124.658	0.201
30500.000	5.000	-124.512	0.198
30510.000	5.000	-124.805	0.201
30520.000	5.000	-125.317	0.200
30530.000	5.000	-124.878	0.198
30540.000	5.000	-125.171	0.198
30550.000	5.000	-124.951	0.200
30560.000	5.000	-125.244	0.200
30570.000	5.000	-125.684	0.202
30580.000	5.000	-126.123	0.201
30590.000	5.000	-125.684	0.201
30600.000	5.000	-125.757	0.200
30610.000	5.000	-125.903	0.202
30620.000	5.000	-125.244	0.200
30630.000	5.000	-125.391	0.201
30640.000	5.000	-126.196	0.200
30650.000	5.000	-125.977	0.200
30660.000	5.000	-125.830	0.200
30670.000	5.000	-126.050	0.200
30680.000	5.000	-124.951	0.200
30690.000	5.000	-125.391	0.201
30700.000	5.000	-125.977	0.198
30710.000	5.000	-125.391	0.201
30720.000	5.000	-125.684	0.202
30730.000	5.000	-125.903	0.200
30740.000	5.000	-124.805	0.200
30750.000	5.000	-125.098	0.202
30760.000	5.000	-125.830	0.197
30770.000	5.000	-125.098	0.200
30780.000	5.000	-125.464	0.201
30790.000	5.000	-125.684	0.198
30800.000	5.000	-124.731	0.201
30810.000	5.000	-124.951	0.201
30820.000	5.000	-125.537	0.200
30830.000	5.000	-125.098	0.201
30840.000	5.000	-125.464	0.200
30850.000	5.000	-125.610	0.200
30860.000	5.000	-124.731	0.198
30870.000	5.000	-125.244	0.200
30880.000	5.000	-125.610	0.198
30890.000	5.000	-125.317	0.200
30900.000	5.000	-125.610	0.200
30910.000	5.000	-125.757	0.201
30920.000	5.000	-125.024	0.201
30930.000	5.000	-125.391	0.201
30940.000	5.000	-125.757	0.203
30950.000	5.000	-125.757	0.198
30960.000	5.000	-125.830	0.198
30970.000	5.000	-125.757	0.201
30980.000	5.000	-125.757	0.201
30990.000	5.000	-125.610	0.200
31000.000	5.000	-126.416	0.203
31010.000	5.000	-126.196	0.200
31020.000	5.000	-126.123	0.201
31030.000	5.000	-126.343	0.197
31040.000	5.000	-125.903	0.202
31050.000	5.000	-125.977	0.200
31060.000	5.000	-126.855	0.168
31070.000	5.000	-126.489	0.124
31080.000	5.000	-126.562	0.091
31090.000	5.000	-126.709	0.070
31100.000	5.000	-125.830	0.050
31110.000	5.000	-126.416	0.029
31120.000	5.000	-126.416	0.029
31130.000	5.000	-126.123	0.024
31140.000	5.000	-126.196	0.015
31150.000	5.000	-126.196	0.015
31160.000	5.000	-125.610	0.007
31170.000	5.000	-125.317	0.006
31180.000	5.000	-125.317	0.006
31190.000	5.000	-125.684	0.004
31200.000	5.000	-125.317	0.006
31210.000	5.000	-125.317	0.006
31220.000	5.000	-125.391	0.004
31230.000	5.000	-124.805	0.006
31240.000	5.000	-124.805	0.006
31250.000	5.000	-124.951	0.004
31260.000	5.000	-124.658	0.003
31270.000	5.000	-124.658	0.003
31280.000	5.000	-124.731	0.003
31290.000	5.000	-124.365	0.001
31300.000	5.000	-124.365	0.001
31310.000	5.000	-124.292	0.006
31320.000	5.000	-124.219	0.001
31330.000	5.000	-124.219	0.001
31340.000	5.000	-124.146	0.002
31350.000	5.000	-123.926	0.004
31360.000	5.000	-123.926	0.004
31370.000	5.000	-123.999	0.004
31380.000	5.000	-123.853	0.001
31390.000	5.000	-123.853	0.001
31400.000	5.000	-123.999	0.003
31410.000	5.000	-123.779	0.002
31420.000	5.000	-124.146	0.002
31430.000	5.000	-123.999	0.001
31440.000	5.000	-123.853	0.002
31450.000	5.000	-123.706	0.004
31460.000	5.000	-123.999	0.002
31470.000	5.000	-123.706	0.002
31480.000	5.000	-124.219	0.002
31490.000	5.000	-123.926	0.001
31500.000	5.000	-123.706	0.002
31510.000	5.000	-124.146	-0.000
31520.000	5.000	-123.267	0.003
31530.000	5.000	-123.413	0.003
31540.000	5.000	-124.219	0.003
31550.000	5.000	-123.633	0.002
31560.000	5.000	-123.267	0.003
31570.000	5.000	-124.146	-0.000
31580.000	5.000	-123.193	0.001
31590.000	5.000	-123.120	0.001
31600.000	5.000	-123.706	0.001
31610.000	5.000	-122.974	0.003
31620.000	5.000	-123.267	0.001
31630.000	5.000	-123.340	-0.000
31640.000	5.000	-122.241	0.002
31650.000	5.000	-122.900	-0.000
31660.000	5.000	-123.047	0.001
31670.000	5.000	-122.095	0.004
31680.000	5.000	-122.388	0.001
31690.000	5.000	-122.534	0.004
31700.000	5.000	-121.729	0.002
31710.000	5.000	-121.875	0.002
31720.000	5.000	-122.241	0.002
31730.000	5.000	-121.509	0.003
31740.000	5.000	-121.729	0.001
31750.000	5.000	-121.875	0.003
31760.000	5.000	-121.216	0.002
31770.000	5.000	-121.436	0.003
31780.000	5.000	-121.436	0.003
31790.000	5.000	-120.923	0.003
31800.000	5.000	-121.143	0.007
31810.000	5.000	-121.143	0.007
31820.000	5.000	-120.264	0.003
31830.000	5.000	-120.923	0.002
31840.000	5.000	-120.923	0.002
31850.000	5.000	-120.117	0.003
31860.000	5.000	-120.190	0.004
31870.000	5.000	-120.190	0.004
31880.000	5.000	-120.190	0.002
31890.000	5.000	-120.410	0.006
31900.000	5.000	-120.410	0.006
31910.000	5.000	-120.557	0.003
31920.000	5.000	-120.630	0.002
31930.000	5.000	-120.630	0.002
31940.000	5.000	-120.190	0.002
31950.000	5.000	-120.190	0.003
31960.000	5.000	-120.190	0.003
31970.000	5.000	-120.337	0.001
31980.000	5.000	-120.483	0.002
31990.000	5.000	-120.483	0.002
32000.000	5.000	-120.557	0.001
32010.000	5.000	-120.337	0.003
