% Time (s)	Gyro Output (rads/s)	Input Rate (RPM)	%2/10/20262:41 PM
0.000	0.000	0.000
8305.610	-3.760	40.356
8305.620	-3.630	40.137
8305.630	-3.630	39.844
8305.640	-3.630	39.990
8305.650	-3.680	39.990
8305.660	-3.680	39.990
8305.670	-3.680	40.137
8305.680	-3.690	40.137
8305.690	-3.690	39.771
8305.700	-3.690	39.697
8305.710	-3.580	39.844
8305.720	-3.580	39.697
8305.730	-3.580	40.137
8305.740	-3.540	39.771
8305.750	-3.540	39.697
8305.760	-3.540	39.697
8305.770	-3.690	39.258
8305.780	-3.690	39.331
8305.790	-3.690	39.331
8305.800	-3.490	39.111
8305.810	-3.490	38.745
8305.820	-3.490	38.159
8305.830	-3.430	37.573
8305.840	-3.430	37.354
8305.850	-3.430	36.914
8305.860	-3.130	36.108
8305.870	-3.130	35.889
8305.880	-3.130	35.156
8305.890	-3.120	34.204
8305.900	-3.120	33.838
8305.910	-3.120	33.105
8305.920	-2.830	32.812
8305.930	-2.830	32.153
8305.940	-2.830	31.567
8305.950	-2.700	30.835
8305.960	-2.700	30.322
8305.970	-2.700	29.297
8305.980	-2.440	29.150
8305.990	-2.440	28.564
8306.000	-2.440	27.100
8306.010	-2.340	27.100
8306.020	-2.340	26.660
8306.030	-2.340	25.635
8306.040	-2.200	25.269
8306.050	-2.200	24.390
8306.060	-2.200	23.877
8306.070	-2.020	23.291
8306.080	-2.020	22.412
8306.090	-2.020	21.826
8306.100	-1.830	21.167
8306.110	-1.830	20.654
8306.120	-1.830	19.629
8306.130	-1.600	19.336
8306.140	-1.600	18.384
8306.150	-1.600	17.871
8306.160	-1.450	17.212
8306.170	-1.450	16.699
8306.180	-1.450	15.894
8306.190	-1.300	15.088
8306.200	-1.300	14.502
8306.210	-1.300	13.696
8306.220	-1.070	13.403
8306.230	-1.070	12.158
8306.240	-1.070	11.572
8306.250	-0.840	11.206
8306.260	-0.840	10.327
8306.270	-0.840	9.668
8306.280	-0.710	9.082
8306.290	-0.710	8.496
8306.300	-0.710	7.471
8306.310	-0.490	6.812
8306.320	-0.490	5.933
8306.330	-0.490	5.566
8306.340	-0.330	4.980
8306.350	-0.330	4.175
8306.360	-0.330	3.442
8306.370	-0.120	2.856
8306.380	-0.120	1.978
8306.390	-0.120	1.245
8306.400	0.100	0.659
8306.410	0.100	0.073
8306.420	0.100	-0.586
8306.430	0.260	-1.172
8306.440	0.260	-1.831
8306.450	0.260	-2.710
8306.460	0.440	-3.369
8306.470	0.440	-4.102
8306.480	0.440	-4.907
8306.490	0.590	-5.420
8306.500	0.590	-5.786
8306.510	0.590	-6.519
8306.520	0.780	-7.251
8306.530	0.780	-8.057
8306.540	0.780	-8.716
8306.550	0.950	-9.082
8306.560	0.950	-9.741
8306.570	0.950	-10.620
8306.580	1.130	-10.840
8306.590	1.130	-11.572
8306.600	1.130	-12.378
8306.610	1.320	-12.891
8306.620	1.320	-13.550
8306.630	1.320	-14.209
8306.640	1.490	-14.648
8306.650	1.490	-15.308
8306.660	1.490	-16.040
8306.670	1.670	-16.406
8306.680	1.670	-17.212
8306.690	1.670	-17.432
8306.700	1.760	-18.164
8306.710	1.760	-18.750
8306.720	1.760	-19.263
8306.730	1.950	-19.775
8306.740	1.950	-20.508
8306.750	1.950	-21.094
8306.760	2.090	-21.533
8306.770	2.090	-22.046
8306.780	2.090	-22.412
8306.790	2.230	-23.291
8306.800	2.230	-23.730
8306.810	2.230	-24.170
8306.820	2.370	-25.049
8306.830	2.370	-25.269
8306.840	2.370	-25.854
8306.850	2.520	-26.367
8306.860	2.520	-26.733
8306.870	2.520	-27.466
8306.880	2.650	-27.905
8306.890	2.650	-28.198
8306.900	2.650	-28.931
8306.910	2.740	-29.370
8306.920	2.740	-29.297
8306.930	2.740	-30.249
8306.940	2.900	-30.396
8306.950	2.900	-30.762
8306.960	2.900	-31.494
8306.970	3.020	-31.641
8306.980	3.020	-32.300
8306.990	3.020	-32.666
8307.000	3.090	-33.105
8307.010	3.090	-33.398
8307.020	3.090	-34.058
8307.030	3.230	-33.911
8307.040	3.230	-35.010
8307.050	3.230	-35.156
8307.060	3.300	-35.449
8307.070	3.300	-35.742
8307.080	3.300	-36.035
8307.090	3.420	-36.841
8307.100	3.420	-36.621
8307.110	3.420	-37.134
8307.120	3.500	-37.500
8307.130	3.500	-37.866
8307.140	3.500	-37.866
8307.150	3.580	-38.745
8307.160	3.580	-38.818
8307.170	3.580	-38.892
8307.180	3.660	-39.331
8307.190	3.660	-39.258
8307.200	3.660	-39.624
8307.210	3.720	-40.063
8307.220	3.720	-40.137
8307.230	3.720	-40.649
8307.240	3.760	-40.649
8307.250	3.760	-40.356
8307.260	3.760	-40.723
8307.270	3.790	-41.309
8307.280	3.790	-41.162
8307.290	3.790	-41.235
8307.300	3.820	-41.748
8307.310	3.820	-41.748
8307.320	3.820	-42.041
8307.330	3.880	-42.041
8307.340	3.880	-42.261
8307.350	3.880	-42.407
8307.360	3.910	-42.480
8307.370	3.910	-42.334
8307.380	3.910	-42.554
8307.390	3.920	-42.847
8307.400	3.920	-42.480
8307.410	3.920	-42.700
8307.420	3.930	-42.773
8307.430	3.930	-42.847
8307.440	3.930	-42.993
8307.450	3.950	-43.433
8307.460	3.950	-43.066
8307.470	3.950	-43.213
8307.480	3.950	-43.359
8307.490	3.950	-43.213
8307.500	3.950	-43.506
8307.510	3.950	-43.506
8307.520	3.950	-43.066
8307.530	3.950	-42.993
8307.540	3.940	-43.140
8307.550	3.940	-42.847
8307.560	3.940	-43.213
8307.570	3.920	-43.359
8307.580	3.920	-43.066
8307.590	3.920	-42.847
8307.600	3.890	-42.847
8307.610	3.890	-42.554
8307.620	3.890	-42.773
8307.630	3.870	-42.773
8307.640	3.870	-42.261
8307.650	3.870	-42.334
8307.660	3.840	-42.334
8307.670	3.840	-42.114
8307.680	3.840	-41.968
8307.690	3.800	-41.968
8307.700	3.800	-41.748
8307.710	3.800	-41.675
8307.720	3.750	-41.675
8307.730	3.750	-41.309
8307.740	3.750	-41.528
8307.750	3.700	-41.235
8307.760	3.700	-40.649
8307.770	3.700	-40.356
8307.780	3.640	-40.649
8307.790	3.640	-40.283
8307.800	3.640	-40.137
8307.810	3.580	-40.063
8307.820	3.580	-39.331
8307.830	3.580	-39.404
8307.840	3.510	-39.111
8307.850	3.510	-38.672
8307.860	3.510	-38.818
8307.870	3.440	-38.379
8307.880	3.440	-37.793
8307.890	3.440	-37.720
8307.900	3.370	-37.573
8307.910	3.370	-37.354
8307.920	3.370	-37.061
8307.930	3.290	-36.694
8307.940	3.290	-36.182
8307.950	3.290	-36.255
8307.960	3.220	-35.669
8307.970	3.220	-35.669
8307.980	3.220	-35.522
8307.990	3.150	-35.449
8308.000	3.150	-33.984
8308.010	3.150	-34.497
8308.020	3.080	-34.497
8308.030	3.080	-33.838
8308.040	3.080	-33.472
8308.050	2.990	-33.472
8308.060	2.990	-33.032
8308.070	2.990	-32.812
8308.080	2.900	-32.520
8308.090	2.900	-31.787
8308.100	2.900	-31.567
8308.110	2.810	-31.934
8308.120	2.810	-30.762
8308.130	2.810	-30.688
8308.140	2.700	-30.615
8308.150	2.700	-29.810
8308.160	2.700	-29.736
8308.170	2.610	-29.297
8308.180	2.610	-28.711
8308.190	2.610	-28.638
8308.200	2.510	-28.491
8308.210	2.510	-27.832
8308.220	2.510	-27.612
8308.230	2.400	-27.466
8308.240	2.400	-26.733
8308.250	2.400	-26.440
8308.260	2.280	-25.781
8308.270	2.280	-25.488
8308.280	2.280	-25.049
8308.290	2.160	-24.829
8308.300	2.160	-24.170
8308.310	2.160	-23.584
8308.320	2.060	-23.218
8308.330	2.060	-22.778
8308.340	2.060	-22.266
8308.350	1.930	-21.753
8308.360	1.930	-20.947
8308.370	1.930	-20.947
8308.380	1.820	-20.947
8308.390	1.820	-19.849
8308.400	1.820	-19.556
8308.410	1.670	-19.189
8308.420	1.670	-18.750
8308.430	1.670	-18.018
8308.440	1.560	-18.018
8308.450	1.560	-17.432
8308.460	1.560	-16.553
8308.470	1.400	-15.527
8308.480	1.400	-15.527
8308.490	1.400	-15.527
8308.500	1.280	-15.381
8308.510	1.280	-14.429
8308.520	1.280	-14.136
8308.530	1.140	-13.477
8308.540	1.140	-13.184
8308.550	1.140	-12.598
8308.560	1.010	-12.085
8308.570	1.010	-11.572
8308.580	1.010	-11.206
8308.590	0.870	-10.913
8308.600	0.870	-9.961
8308.610	0.870	-9.521
8308.620	0.720	-9.009
8308.630	0.720	-8.716
8308.640	0.720	-7.837
8308.650	0.610	-7.471
8308.660	0.610	-7.178
8308.670	0.610	-6.665
8308.680	0.440	-6.152
8308.690	0.440	-5.273
8308.700	0.440	-4.834
8308.710	0.290	-4.468
8308.720	0.290	-3.882
8308.730	0.290	-3.149
8308.740	0.200	-2.783
8308.750	0.200	-2.271
8308.760	0.200	-1.685
8308.770	0.060	-1.025
8308.780	0.060	-0.586
8308.790	0.060	-0.220
8308.800	-0.160	0.220
8308.810	-0.160	0.659
8308.820	-0.160	1.245
8308.830	-0.310	1.831
8308.840	-0.310	2.417
8308.850	-0.310	2.856
8308.860	-0.430	3.442
8308.870	-0.430	4.102
8308.880	-0.430	4.541
8308.890	-0.570	4.907
8308.900	-0.570	5.493
8308.910	-0.570	6.226
8308.920	-0.660	6.592
8308.930	-0.660	7.104
8308.940	-0.660	7.324
8308.950	-0.830	7.910
8308.960	-0.830	8.496
8308.970	-0.830	8.789
8308.980	-0.960	9.375
8308.990	-0.960	9.814
8309.000	-0.960	10.474
8309.010	-1.070	10.840
8309.020	-1.070	11.133
8309.030	-1.070	11.499
8309.040	-1.200	12.231
8309.050	-1.200	12.671
8309.060	-1.200	12.671
8309.070	-1.330	13.477
8309.080	-1.330	13.989
8309.090	-1.330	14.429
8309.100	-1.460	14.722
8309.110	-1.460	15.015
8309.120	-1.460	15.674
8309.130	-1.570	16.187
8309.140	-1.570	16.260
8309.150	-1.570	16.846
8309.160	-1.630	17.651
8309.170	-1.630	17.725
8309.180	-1.630	18.164
8309.190	-1.800	18.604
8309.200	-1.800	19.043
8309.210	-1.800	19.189
8309.220	-1.960	19.849
8309.230	-1.960	19.995
8309.240	-1.960	20.801
8309.250	-2.040	20.947
8309.260	-2.040	21.240
8309.270	-2.040	21.680
8309.280	-2.070	21.973
8309.290	-2.070	22.412
8309.300	-2.070	22.705
8309.310	-2.190	23.437
8309.320	-2.190	23.511
8309.330	-2.190	23.877
8309.340	-2.340	24.390
8309.350	-2.340	24.829
8309.360	-2.340	25.342
8309.370	-2.450	25.781
8309.380	-2.450	25.928
8309.390	-2.450	26.440
8309.400	-2.540	27.100
8309.410	-2.540	27.319
8309.420	-2.540	27.319
8309.430	-2.630	27.612
8309.440	-2.630	27.686
8309.450	-2.630	28.052
8309.460	-2.690	28.345
8309.470	-2.690	28.491
8309.480	-2.690	29.370
8309.490	-2.810	29.370
8309.500	-2.810	29.663
8309.510	-2.810	30.176
8309.520	-2.880	30.176
8309.530	-2.880	30.396
8309.540	-2.880	31.055
8309.550	-2.900	31.055
8309.560	-2.900	31.201
8309.570	-2.900	31.860
8309.580	-2.900	31.860
8309.590	-2.900	31.787
8309.600	-2.900	32.373
8309.610	-2.950	32.373
8309.620	-2.950	32.739
8309.630	-2.950	33.252
8309.640	-3.090	33.252
8309.650	-3.090	33.252
8309.660	-3.090	33.472
8309.670	-3.100	33.691
8309.680	-3.100	33.691
8309.690	-3.100	34.204
8309.700	-3.240	34.204
8309.710	-3.240	34.717
8309.720	-3.240	34.351
8309.730	-3.210	34.863
8309.740	-3.210	35.083
8309.750	-3.210	35.083
8309.760	-3.160	35.303
8309.770	-3.160	35.303
8309.780	-3.160	35.815
8309.790	-3.290	35.669
8309.800	-3.290	35.669
8309.810	-3.290	35.596
8309.820	-3.350	36.255
8309.830	-3.350	35.815
8309.840	-3.350	36.035
8309.850	-3.380	35.962
8309.860	-3.380	36.108
8309.870	-3.380	36.255
8309.880	-3.230	36.182
8309.890	-3.230	36.255
8309.900	-3.230	36.182
8309.910	-3.290	36.694
8309.920	-3.290	36.108
8309.930	-3.290	36.475
8309.940	-3.410	36.255
8309.950	-3.410	36.475
8309.960	-3.410	36.182
8309.970	-3.220	36.401
8309.980	-3.220	35.889
8309.990	-3.220	36.035
8310.000	-3.270	36.255
8310.010	-3.270	35.742
8310.020	-3.270	35.889
8310.030	-3.380	35.596
8310.040	-3.380	35.815
8310.050	-3.380	35.669
8310.060	-3.330	35.742
8310.070	-3.330	35.303
8310.080	-3.330	35.742
8310.090	-3.180	35.376
8310.100	-3.180	35.083
8310.110	-3.180	35.010
8310.120	-3.120	35.229
8310.130	-3.120	35.083
8310.140	-3.120	34.497
8310.150	-3.190	34.644
8310.160	-3.190	34.277
8310.170	-3.190	34.424
8310.180	-3.130	33.984
8310.190	-3.130	34.058
8310.200	-3.130	33.618
8310.210	-2.940	33.325
8310.220	-2.940	33.325
8310.230	-2.940	32.959
8310.240	-2.920	32.959
8310.250	-2.920	32.666
8310.260	-2.920	31.787
8310.270	-2.810	31.787
8310.280	-2.810	31.934
8310.290	-2.810	30.981
8310.300	-2.830	30.981
8310.310	-2.830	31.274
8310.320	-2.830	30.469
8310.330	-2.820	30.469
8310.340	-2.820	30.396
8310.350	-2.820	29.810
8310.360	-2.720	29.810
8310.370	-2.720	29.663
8310.380	-2.720	28.711
8310.390	-2.580	28.711
8310.400	-2.580	28.491
8310.410	-2.580	27.686
8310.420	-2.560	27.686
8310.430	-2.560	27.612
8310.440	-2.560	26.733
8310.450	-2.440	26.733
8310.460	-2.440	26.294
8310.470	-2.440	25.928
8310.480	-2.310	25.781
8310.490	-2.310	25.195
8310.500	-2.310	25.049
8310.510	-2.200	24.316
8310.520	-2.200	24.023
8310.530	-2.200	23.511
8310.540	-2.080	23.218
8310.550	-2.080	22.925
8310.560	-2.080	22.339
8310.570	-1.970	22.046
8310.580	-1.970	21.313
8310.590	-1.970	21.167
8310.600	-1.760	20.654
8310.610	-1.760	20.142
8310.620	-1.760	19.629
8310.630	-1.630	19.043
8310.640	-1.630	18.677
8310.650	-1.630	18.164
8310.660	-1.550	17.725
8310.670	-1.550	17.358
8310.680	-1.550	16.992
8310.690	-1.450	16.333
8310.700	-1.450	15.674
8310.710	-1.450	15.308
8310.720	-1.240	14.941
8310.730	-1.240	14.282
8310.740	-1.240	13.770
8310.750	-1.080	13.184
8310.760	-1.080	12.817
8310.770	-1.080	11.938
8310.780	-0.960	11.353
8310.790	-0.960	11.060
8310.800	-0.960	10.547
8310.810	-0.810	9.888
8310.820	-0.810	9.375
8310.830	-0.810	8.936
8310.840	-0.640	8.057
8310.850	-0.640	7.471
8310.860	-0.640	6.958
8310.870	-0.480	6.592
8310.880	-0.480	6.152
8310.890	-0.480	5.347
8310.900	-0.280	4.687
8310.910	-0.280	4.102
8310.920	-0.280	3.296
8310.930	-0.150	2.783
8310.940	-0.150	2.344
8310.950	-0.150	1.831
8310.960	0.050	1.025
8310.970	0.050	0.366
8310.980	0.050	-0.220
8310.990	0.220	-1.025
8311.000	0.220	-1.758
8311.010	0.220	-2.271
8311.020	0.410	-2.783
8311.030	0.410	-3.369
8311.040	0.410	-4.175
8311.050	0.590	-4.834
8311.060	0.590	-5.493
8311.070	0.590	-6.299
8311.080	0.760	-6.738
8311.090	0.760	-7.251
8311.100	0.760	-7.690
8311.110	0.930	-8.569
8311.120	0.930	-9.229
8311.130	0.930	-9.888
8311.140	1.110	-10.327
8311.150	1.110	-11.206
8311.160	1.110	-11.499
8311.170	1.250	-12.085
8311.180	1.250	-13.110
8311.190	1.250	-13.403
8311.200	1.440	-14.282
8311.210	1.440	-14.868
8311.220	1.440	-15.527
8311.230	1.610	-16.187
8311.240	1.610	-16.699
8311.250	1.610	-17.212
8311.260	1.760	-18.237
8311.270	1.760	-18.677
8311.280	1.760	-19.189
8311.290	1.950	-20.068
8311.300	1.950	-20.654
8311.310	1.950	-21.094
8311.320	2.170	-21.826
8311.330	2.170	-22.412
8311.340	2.170	-23.291
8311.350	2.280	-23.804
8311.360	2.280	-24.243
8311.370	2.280	-25.269
8311.380	2.480	-25.635
8311.390	2.480	-26.294
8311.400	2.480	-26.880
8311.410	2.640	-27.759
8311.420	2.640	-28.271
8311.430	2.640	-28.931
8311.440	2.810	-29.517
8311.450	2.810	-30.029
8311.460	2.810	-30.908
8311.470	3.000	-30.981
8311.480	3.000	-31.641
8311.490	3.000	-32.593
8311.500	3.160	-33.252
8311.510	3.160	-33.472
8311.520	3.160	-34.131
8311.530	3.280	-34.570
8311.540	3.280	-35.303
8311.550	3.280	-35.742
8311.560	3.430	-36.255
8311.570	3.430	-36.987
8311.580	3.430	-37.500
8311.590	3.600	-37.939
8311.600	3.600	-38.379
8311.610	3.600	-39.258
8311.620	3.740	-39.624
8311.630	3.740	-40.137
8311.640	3.740	-40.430
8311.650	3.850	-41.382
8311.660	3.850	-41.675
8311.670	3.850	-42.187
8311.680	3.980	-42.847
8311.690	3.980	-42.920
8311.700	3.980	-43.213
8311.710	4.150	-43.726
8311.720	4.150	-44.165
8311.730	4.150	-44.678
8311.740	4.210	-45.190
8311.750	4.210	-45.264
8311.760	4.210	-46.143
8311.770	4.310	-46.509
8311.780	4.310	-47.168
8311.790	4.310	-47.168
8311.800	4.420	-47.900
8311.810	4.420	-47.900
8311.820	4.420	-48.340
8311.830	4.520	-48.926
8311.840	4.520	-49.219
8311.850	4.520	-49.878
8311.860	4.620	-50.391
8311.870	4.620	-50.610
8311.880	4.620	-50.830
8311.890	4.730	-51.270
8311.900	4.730	-51.270
8311.910	4.730	-51.709
8311.920	4.780	-52.368
8311.930	4.780	-52.515
8311.940	4.780	-52.881
8311.950	4.900	-52.881
8311.960	4.900	-53.027
8311.970	4.900	-53.540
8311.980	4.960	-53.979
8311.990	4.960	-54.346
8312.000	4.960	-54.565
8312.010	5.060	-54.858
8312.020	5.060	-54.858
8312.030	5.060	-55.005
8312.040	5.120	-55.811
8312.050	5.120	-55.884
8312.060	5.120	-55.957
8312.070	5.170	-56.470
8312.080	5.170	-56.396
8312.090	5.170	-56.689
8312.100	5.250	-56.763
8312.110	5.250	-57.056
8312.120	5.250	-57.202
8312.130	5.280	-58.008
8312.140	5.280	-57.275
8312.150	5.280	-57.935
8312.160	5.350	-58.301
8312.170	5.350	-58.374
8312.180	5.350	-58.447
8312.190	5.420	-58.667
8312.200	5.420	-58.960
8312.210	5.420	-59.180
8312.220	5.450	-59.180
8312.230	5.450	-58.960
8312.240	5.450	-59.619
8312.250	5.460	-59.473
8312.260	5.460	-59.619
8312.270	5.460	-59.326
8312.280	5.520	-60.352
8312.290	5.520	-59.766
8312.300	5.520	-60.132
8312.310	5.570	-60.278
8312.320	5.570	-60.352
8312.330	5.570	-60.425
8312.340	5.530	-60.718
8312.350	5.530	-60.645
8312.360	5.530	-60.571
8312.370	5.530	-60.864
8312.380	5.530	-60.645
8312.390	5.530	-60.718
8312.400	5.600	-60.937
8312.410	5.600	-60.791
8312.420	5.600	-61.011
8312.430	5.570	-61.084
8312.440	5.570	-60.498
8312.450	5.570	-60.937
8312.460	5.580	-61.304
8312.470	5.580	-61.011
8312.480	5.580	-61.084
8312.490	5.630	-61.011
8312.500	5.630	-60.718
8312.510	5.630	-60.864
8312.520	5.530	-61.011
8312.530	5.530	-60.791
8312.540	5.530	-60.864
8312.550	5.480	-60.791
8312.560	5.480	-60.352
8312.570	5.480	-60.425
8312.580	5.520	-60.498
8312.590	5.520	-60.498
8312.600	5.520	-60.059
8312.610	5.550	-60.278
8312.620	5.550	-60.278
8312.630	5.550	-59.912
8312.640	5.530	-59.912
8312.650	5.530	-59.619
8312.660	5.530	-59.546
8312.670	5.370	-59.546
8312.680	5.370	-59.253
8312.690	5.370	-59.399
8312.700	5.340	-59.399
8312.710	5.340	-59.253
8312.720	5.340	-58.594
8312.730	5.340	-59.253
8312.740	5.340	-58.813
8312.750	5.340	-58.521
8312.760	5.310	-58.301
8312.770	5.310	-58.008
8312.780	5.310	-58.081
8312.790	5.200	-57.788
8312.800	5.200	-57.129
8312.810	5.200	-57.056
8312.820	5.100	-56.836
8312.830	5.100	-56.323
8312.840	5.100	-56.250
8312.850	5.090	-56.104
8312.860	5.090	-55.591
8312.870	5.090	-55.591
8312.880	4.940	-55.225
8312.890	4.940	-55.005
8312.900	4.940	-54.932
8312.910	4.870	-54.565
8312.920	4.870	-54.126
8312.930	4.870	-53.613
8312.940	4.850	-53.467
8312.950	4.850	-53.174
8312.960	4.850	-52.881
8312.970	4.700	-52.808
8312.980	4.700	-52.002
8312.990	4.700	-51.855
8313.000	4.600	-51.489
8313.010	4.600	-51.050
8313.020	4.600	-50.830
8313.030	4.500	-50.317
8313.040	4.500	-49.878
8313.050	4.500	-49.512
8313.060	4.380	-49.219
8313.070	4.380	-48.340
8313.080	4.380	-48.120
8313.090	4.230	-47.534
8313.100	4.230	-47.168
8313.110	4.230	-46.875
8313.120	4.160	-46.509
8313.130	4.160	-46.069
8313.140	4.160	-45.264
8313.150	4.030	-44.824
8313.160	4.030	-44.238
8313.170	4.030	-44.019
8313.180	3.840	-43.652
8313.190	3.840	-42.700
8313.200	3.840	-42.407
8313.210	3.740	-41.895
8313.220	3.740	-41.162
8313.230	3.740	-40.723
8313.240	3.600	-40.649
8313.250	3.600	-39.917
8313.260	3.600	-39.697
8313.270	3.460	-39.258
8313.280	3.460	-38.306
8313.290	3.460	-38.013
8313.300	3.310	-37.427
8313.310	3.310	-36.768
8313.320	3.310	-36.401
8313.330	3.150	-35.815
8313.340	3.150	-35.376
8313.350	3.150	-34.717
8313.360	3.010	-33.984
8313.370	3.010	-33.398
8313.380	3.010	-32.959
8313.390	2.890	-32.520
8313.400	2.890	-32.080
8313.410	2.890	-31.421
8313.420	2.740	-30.981
8313.430	2.740	-30.396
8313.440	2.740	-29.590
8313.450	2.590	-29.810
8313.460	2.590	-29.004
8313.470	2.590	-28.345
8313.480	2.470	-28.052
8313.490	2.470	-27.539
8313.500	2.470	-26.660
8313.510	2.310	-26.440
8313.520	2.310	-25.854
8313.530	2.310	-25.488
8313.540	2.160	-25.049
8313.550	2.160	-24.170
8313.560	2.160	-23.950
8313.570	2.050	-23.584
8313.580	2.050	-22.998
8313.590	2.050	-22.559
8313.600	1.900	-22.046
8313.610	1.900	-21.387
8313.620	1.900	-20.947
8313.630	1.750	-20.435
8313.640	1.750	-19.995
8313.650	1.750	-19.189
8313.660	1.620	-18.750
8313.670	1.620	-18.164
8313.680	1.620	-17.432
8313.690	1.450	-16.992
8313.700	1.450	-16.699
8313.710	1.450	-15.527
8313.720	1.330	-15.527
8313.730	1.330	-14.868
8313.740	1.330	-13.916
8313.750	1.140	-13.916
8313.760	1.140	-13.330
8313.770	1.140	-12.524
8313.780	1.040	-12.524
8313.790	1.040	-11.792
8313.800	1.040	-10.767
8313.810	0.880	-10.767
8313.820	0.880	-10.107
8313.830	0.880	-9.668
8313.840	0.720	-9.082
8313.850	0.720	-8.716
8313.860	0.720	-7.983
8313.870	0.560	-7.544
8313.880	0.560	-6.885
8313.890	0.560	-6.445
8313.900	0.420	-6.079
8313.910	0.420	-5.420
8313.920	0.420	-4.907
8313.930	0.300	-4.321
8313.940	0.300	-3.662
8313.950	0.300	-3.223
8313.960	0.170	-2.856
8313.970	0.170	-2.417
8313.980	0.170	-1.904
8313.990	0.060	-1.392
8314.000	0.060	-0.879
8314.010	0.060	-0.439
8314.020	-0.080	0.000
8314.030	-0.080	0.366
8314.040	-0.080	0.806
8314.050	-0.200	1.245
8314.060	-0.200	1.758
8314.070	-0.200	2.344
8314.080	-0.350	2.783
8314.090	-0.350	3.149
8314.100	-0.350	3.442
8314.110	-0.470	4.102
8314.120	-0.470	4.614
8314.130	-0.470	5.054
8314.140	-0.580	5.640
8314.150	-0.580	6.079
8314.160	-0.580	6.226
8314.170	-0.740	6.812
8314.180	-0.740	7.251
8314.190	-0.740	7.764
8314.200	-0.830	8.423
8314.210	-0.830	8.350
8314.220	-0.830	8.862
8314.230	-0.930	9.302
8314.240	-0.930	9.961
8314.250	-0.930	9.961
8314.260	-1.080	10.840
8314.270	-1.080	10.840
8314.280	-1.080	11.353
8314.290	-1.140	11.499
8314.300	-1.140	12.012
8314.310	-1.140	12.744
8314.320	-1.290	12.817
8314.330	-1.290	13.330
8314.340	-1.290	13.403
8314.350	-1.380	13.916
8314.360	-1.380	14.209
8314.370	-1.380	14.648
8314.380	-1.440	14.868
8314.390	-1.440	15.601
8314.400	-1.440	15.747
8314.410	-1.540	15.747
8314.420	-1.540	16.406
8314.430	-1.540	16.626
8314.440	-1.640	17.212
8314.450	-1.640	17.505
8314.460	-1.640	17.432
8314.470	-1.670	18.018
8314.480	-1.670	18.311
8314.490	-1.670	18.530
8314.500	-1.810	18.896
8314.510	-1.810	19.116
8314.520	-1.810	19.336
8314.530	-1.820	19.482
8314.540	-1.820	19.702
8314.550	-1.820	19.995
8314.560	-1.920	20.654
8314.570	-1.920	20.654
8314.580	-1.920	20.947
8314.590	-2.020	21.167
8314.600	-2.020	21.240
8314.610	-2.020	21.899
8314.620	-2.050	21.973
8314.630	-2.050	22.192
8314.640	-2.050	22.192
8314.650	-2.070	22.705
8314.660	-2.070	22.559
8314.670	-2.070	22.852
8314.680	-2.130	22.998
8314.690	-2.130	23.218
8314.700	-2.130	23.291
8314.710	-2.220	23.511
8314.720	-2.220	23.511
8314.730	-2.220	23.804
8314.740	-2.240	24.097
8314.750	-2.240	23.877
8314.760	-2.240	24.170
8314.770	-2.240	24.243
8314.780	-2.240	24.390
8314.790	-2.240	24.243
8314.800	-2.250	24.683
8314.810	-2.250	24.536
8314.820	-2.250	24.902
8314.830	-2.280	24.976
8314.840	-2.280	25.269
8314.850	-2.280	25.488
8314.860	-2.330	25.562
8314.870	-2.330	25.635
8314.880	-2.330	25.635
8314.890	-2.380	25.928
8314.900	-2.380	25.562
8314.910	-2.380	25.854
8314.920	-2.360	25.635
8314.930	-2.360	25.854
8314.940	-2.360	25.342
8314.950	-2.320	25.635
8314.960	-2.320	25.635
8314.970	-2.320	25.562
8314.980	-2.290	25.708
8314.990	-2.290	25.488
8315.000	-2.290	25.781
8315.010	-2.280	25.488
8315.020	-2.280	25.635
8315.030	-2.280	25.342
8315.040	-2.300	25.854
8315.050	-2.300	25.269
8315.060	-2.300	25.415
8315.070	-2.290	25.415
8315.080	-2.290	25.269
8315.090	-2.290	25.342
8315.100	-2.310	25.195
8315.110	-2.310	25.269
8315.120	-2.310	24.976
8315.130	-2.230	25.049
8315.140	-2.230	24.536
8315.150	-2.230	24.756
8315.160	-2.160	24.316
8315.170	-2.160	24.243
8315.180	-2.160	24.023
8315.190	-2.120	24.023
8315.200	-2.120	23.730
8315.210	-2.120	23.657
8315.220	-2.110	23.657
8315.230	-2.110	23.437
8315.240	-2.110	23.291
8315.250	-2.110	23.071
8315.260	-2.110	22.998
8315.270	-2.110	22.705
8315.280	-1.970	22.705
8315.290	-1.970	21.973
8315.300	-1.970	22.119
8315.310	-1.890	21.606
8315.320	-1.890	21.533
8315.330	-1.890	21.094
8315.340	-1.880	21.021
8315.350	-1.880	20.801
8315.360	-1.880	20.361
8315.370	-1.810	20.142
8315.380	-1.810	19.556
8315.390	-1.810	19.775
8315.400	-1.660	19.409
8315.410	-1.660	18.896
8315.420	-1.660	18.604
8315.430	-1.600	18.457
8315.440	-1.600	17.944
8315.450	-1.600	17.505
8315.460	-1.500	17.358
8315.470	-1.500	16.992
8315.480	-1.500	16.772
8315.490	-1.410	16.333
8315.500	-1.410	15.601
8315.510	-1.410	15.747
8315.520	-1.320	15.381
8315.530	-1.320	14.575
8315.540	-1.320	14.575
8315.550	-1.180	14.136
8315.560	-1.180	13.037
8315.570	-1.180	13.037
8315.580	-1.100	12.964
8315.590	-1.100	12.305
8315.600	-1.100	12.305
8315.610	-0.940	11.499
8315.620	-0.940	10.693
8315.630	-0.940	10.913
8315.640	-0.800	10.107
8315.650	-0.800	9.668
8315.660	-0.800	9.229
8315.670	-0.720	8.936
8315.680	-0.720	7.983
8315.690	-0.720	7.544
8315.700	-0.570	7.104
8315.710	-0.570	6.812
8315.720	-0.570	6.445
8315.730	-0.390	5.640
8315.740	-0.390	5.127
8315.750	-0.390	4.761
8315.760	-0.270	4.175
8315.770	-0.270	3.809
8315.780	-0.270	3.516
8315.790	-0.140	3.003
8315.800	-0.140	2.271
8315.810	-0.140	1.758
8315.820	-0.010	1.245
8315.830	-0.010	0.586
8315.840	-0.010	-0.586
8315.850	0.140	-0.586
8315.860	0.140	-1.099
8315.870	0.140	-1.611
8315.880	0.300	-2.271
8315.890	0.300	-3.003
8315.900	0.300	-3.589
8315.910	0.450	-3.955
8315.920	0.450	-4.395
8315.930	0.450	-4.980
8315.940	0.610	-5.493
8315.950	0.610	-6.079
8315.960	0.610	-6.812
8315.970	0.790	-7.251
8315.980	0.790	-7.910
8315.990	0.790	-8.203
8316.000	0.970	-9.082
8316.010	0.970	-9.595
8316.020	0.970	-10.327
8316.030	1.100	-10.767
8316.040	1.100	-11.499
8316.050	1.100	-11.938
8316.060	1.280	-12.451
8316.070	1.280	-13.403
8316.080	1.280	-13.696
8316.090	1.420	-14.429
8316.100	1.420	-14.722
8316.110	1.420	-15.601
8316.120	1.580	-16.406
8316.130	1.580	-16.699
8316.140	1.580	-17.212
8316.150	1.790	-17.944
8316.160	1.790	-18.530
8316.170	1.790	-19.043
8316.180	1.950	-19.775
8316.190	1.950	-20.361
8316.200	1.950	-20.947
8316.210	2.070	-21.606
8316.220	2.070	-21.826
8316.230	2.070	-23.437
8316.240	2.250	-23.877
8316.250	2.250	-24.756
8316.260	2.250	-24.756
8316.270	2.410	-25.269
8316.280	2.410	-25.781
8316.290	2.410	-26.147
8316.300	2.570	-26.807
8316.310	2.570	-27.539
8316.320	2.570	-27.979
8316.330	2.730	-28.638
8316.340	2.730	-29.297
8316.350	2.730	-29.736
8316.360	2.890	-30.029
8316.370	2.890	-30.688
8316.380	2.890	-31.201
8316.390	3.000	-32.007
8316.400	3.000	-32.373
8316.410	3.000	-32.886
8316.420	3.140	-33.691
8316.430	3.140	-33.984
8316.440	3.140	-34.058
8316.450	3.290	-35.010
8316.460	3.290	-35.449
8316.470	3.290	-35.669
8316.480	3.410	-36.475
8316.490	3.410	-36.694
8316.500	3.410	-37.207
8316.510	3.530	-37.646
8316.520	3.530	-38.013
8316.530	3.530	-38.306
8316.540	3.660	-39.038
8316.550	3.660	-39.331
8316.560	3.660	-39.844
8316.570	3.770	-40.430
8316.580	3.770	-40.576
8316.590	3.770	-41.235
8316.600	3.890	-41.821
8316.610	3.890	-42.114
8316.620	3.890	-42.554
8316.630	4.000	-43.433
8316.640	4.000	-43.506
8316.650	4.000	-43.799
8316.660	4.150	-44.238
8316.670	4.150	-44.458
8316.680	4.150	-44.897
8316.690	4.230	-45.410
8316.700	4.230	-45.557
8316.710	4.230	-45.996
8316.720	4.360	-46.509
8316.730	4.360	-46.802
8316.740	4.360	-47.314
8316.750	4.430	-47.974
8316.760	4.430	-48.120
8316.770	4.430	-48.560
8316.780	4.570	-49.072
8316.790	4.570	-49.146
8316.800	4.570	-49.805
8316.810	4.660	-50.244
8316.820	4.660	-50.391
8316.830	4.660	-50.537
8316.840	4.760	-51.416
8316.850	4.760	-51.416
8316.860	4.760	-51.782
8316.870	4.890	-52.148
8316.880	4.890	-52.588
8316.890	4.890	-53.174
8316.900	4.940	-53.174
8316.910	4.940	-53.613
8316.920	4.940	-54.346
8316.930	5.050	-54.346
8316.940	5.050	-54.346
8316.950	5.050	-55.518
8316.960	5.110	-55.518
8316.970	5.110	-55.737
8316.980	5.110	-55.737
8316.990	5.230	-55.737
8317.000	5.230	-56.616
8317.010	5.230	-56.909
8317.020	5.340	-56.909
8317.030	5.340	-57.422
8317.040	5.340	-58.154
8317.050	5.360	-58.154
8317.060	5.360	-58.008
8317.070	5.360	-58.960
8317.080	5.410	-58.960
8317.090	5.410	-59.106
8317.100	5.410	-59.326
8317.110	5.440	-59.326
8317.120	5.440	-59.985
8317.130	5.440	-59.912
8317.140	5.540	-59.912
8317.150	5.540	-60.425
8317.160	5.540	-60.791
8317.170	5.590	-60.791
8317.180	5.590	-61.084
8317.190	5.590	-61.304
8317.200	5.630	-61.304
8317.210	5.630	-61.816
8317.220	5.630	-62.109
8317.230	5.650	-62.109
8317.240	5.650	-62.549
8317.250	5.650	-62.476
8317.260	5.690	-62.476
8317.270	5.690	-62.769
8317.280	5.690	-62.256
8317.290	5.750	-62.695
8317.300	5.750	-62.988
8317.310	5.750	-62.622
8317.320	5.760	-63.354
8317.330	5.760	-63.354
8317.340	5.760	-63.135
8317.350	5.790	-63.574
8317.360	5.790	-63.501
8317.370	5.790	-63.354
8317.380	5.790	-64.014
8317.390	5.790	-63.721
8317.400	5.790	-64.014
8317.410	5.810	-64.014
8317.420	5.810	-63.428
8317.430	5.810	-63.501
8317.440	5.820	-63.721
8317.450	5.820	-63.501
8317.460	5.820	-63.647
8317.470	5.800	-63.647
8317.480	5.800	-63.354
8317.490	5.800	-63.428
8317.500	5.780	-63.428
8317.510	5.780	-63.281
8317.520	5.780	-63.281
8317.530	5.760	-63.281
8317.540	5.760	-63.062
8317.550	5.760	-63.135
8317.560	5.720	-63.135
8317.570	5.720	-62.842
8317.580	5.720	-62.695
8317.590	5.670	-62.695
8317.600	5.670	-62.549
8317.610	5.670	-62.256
8317.620	5.630	-62.256
8317.630	5.630	-62.256
8317.640	5.630	-61.890
8317.650	5.590	-61.890
8317.660	5.590	-61.523
8317.670	5.590	-61.450
8317.680	5.560	-61.450
8317.690	5.560	-61.084
8317.700	5.560	-61.011
8317.710	5.500	-60.864
8317.720	5.500	-60.645
8317.730	5.500	-60.132
8317.740	5.440	-60.352
8317.750	5.440	-59.912
8317.760	5.440	-59.985
8317.770	5.390	-59.692
8317.780	5.390	-59.326
8317.790	5.390	-59.106
8317.800	5.310	-59.106
8317.810	5.310	-58.301
8317.820	5.310	-58.154
8317.830	5.240	-58.228
8317.840	5.240	-57.715
8317.850	5.240	-57.495
8317.860	5.150	-57.129
8317.870	5.150	-56.836
8317.880	5.150	-56.909
8317.890	5.080	-56.470
8317.900	5.080	-55.884
8317.910	5.080	-55.811
8317.920	5.010	-55.371
8317.930	5.010	-55.005
8317.940	5.010	-54.492
8317.950	4.910	-54.419
8317.960	4.910	-53.979
8317.970	4.910	-53.760
8317.980	4.840	-53.101
8317.990	4.840	-52.881
8318.000	4.840	-52.222
8318.010	4.720	-51.562
8318.020	4.720	-51.562
8318.030	4.720	-51.270
8318.040	4.560	-51.270
8318.050	4.560	-50.537
8318.060	4.560	-50.317
8318.070	4.470	-49.731
8318.080	4.470	-49.219
8318.090	4.470	-48.560
8318.100	4.380	-48.560
8318.110	4.380	-48.193
8318.120	4.380	-47.461
8318.130	4.250	-47.461
8318.140	4.250	-46.729
8318.150	4.250	-45.630
8318.160	4.130	-45.630
8318.170	4.130	-45.264
8318.180	4.130	-44.751
8318.190	3.960	-44.751
8318.200	3.960	-44.312
8318.210	3.960	-42.993
8318.220	3.810	-42.993
8318.230	3.810	-42.700
8318.240	3.810	-41.675
8318.250	3.720	-41.675
8318.260	3.720	-41.528
8318.270	3.720	-40.210
8318.280	3.580	-40.210
8318.290	3.580	-39.551
8318.300	3.580	-38.672
8318.310	3.380	-38.672
8318.320	3.380	-38.013
8318.330	3.380	-37.427
8318.340	3.230	-36.694
8318.350	3.230	-36.548
8318.360	3.230	-35.596
8318.370	3.110	-35.156
8318.380	3.110	-34.717
8318.390	3.110	-34.058
8318.400	2.920	-33.765
8318.410	2.920	-32.812
8318.420	2.920	-32.373
8318.430	2.720	-31.714
8318.440	2.720	-31.421
8318.450	2.720	-30.469
8318.460	2.630	-30.176
8318.470	2.630	-29.224
8318.480	2.630	-28.711
8318.490	2.460	-28.418
8318.500	2.460	-27.539
8318.510	2.460	-27.319
8318.520	2.300	-26.733
8318.530	2.300	-26.367
8318.540	2.300	-25.488
8318.550	2.160	-25.195
8318.560	2.160	-24.316
8318.570	2.160	-24.023
8318.580	2.010	-23.511
8318.590	2.010	-22.778
8318.600	2.010	-22.485
8318.610	1.850	-21.680
8318.620	1.850	-21.460
8318.630	1.850	-20.361
8318.640	1.730	-20.068
8318.650	1.730	-19.556
8318.660	1.730	-19.189
8318.670	1.580	-18.530
8318.680	1.580	-18.091
8318.690	1.580	-17.432
8318.700	1.430	-16.846
8318.710	1.430	-16.479
8318.720	1.430	-15.454
8318.730	1.270	-15.381
8318.740	1.270	-14.868
8318.750	1.270	-14.136
8318.760	1.100	-13.477
8318.770	1.100	-12.964
8318.780	1.100	-12.378
8318.790	0.970	-12.158
8318.800	0.970	-11.353
8318.810	0.970	-10.547
8318.820	0.810	-10.400
8318.830	0.810	-9.668
8318.840	0.810	-9.082
8318.850	0.690	-8.716
8318.860	0.690	-8.276
8318.870	0.690	-7.544
8318.880	0.490	-6.812
8318.890	0.490	-6.006
8318.900	0.490	-5.786
8318.910	0.360	-5.347
8318.920	0.360	-4.614
8318.930	0.360	-4.102
8318.940	0.200	-3.516
8318.950	0.200	-2.783
8318.960	0.200	-2.271
8318.970	0.030	-1.904
8318.980	0.030	-1.538
8318.990	0.030	-1.099
8319.000	-0.060	-0.439
8319.010	-0.060	0.146
8319.020	-0.060	0.732
8319.030	-0.220	1.245
8319.040	-0.220	1.685
8319.050	-0.220	2.051
8319.060	-0.370	2.417
8319.070	-0.370	3.003
8319.080	-0.370	3.735
8319.090	-0.470	4.321
8319.100	-0.470	4.687
8319.110	-0.470	5.347
8319.120	-0.600	5.640
8319.130	-0.600	5.933
8319.140	-0.600	6.738
8319.150	-0.730	7.251
8319.160	-0.730	7.837
8319.170	-0.730	8.203
8319.180	-0.820	8.276
8319.190	-0.820	8.936
8319.200	-0.820	9.375
8319.210	-0.940	9.741
8319.220	-0.940	9.961
8319.230	-0.940	10.840
8319.240	-1.100	10.986
8319.250	-1.100	11.353
8319.260	-1.100	11.646
8319.270	-1.220	12.305
8319.280	-1.220	12.964
8319.290	-1.220	12.817
8319.300	-1.330	13.550
8319.310	-1.330	13.843
8319.320	-1.330	14.209
8319.330	-1.410	14.575
8319.340	-1.410	15.015
8319.350	-1.410	15.308
8319.360	-1.510	15.894
8319.370	-1.510	15.967
8319.380	-1.510	16.333
8319.390	-1.610	17.139
8319.400	-1.610	16.919
8319.410	-1.610	17.358
8319.420	-1.710	18.018
8319.430	-1.710	18.164
8319.440	-1.710	18.530
8319.450	-1.750	18.896
8319.460	-1.750	19.116
8319.470	-1.750	19.263
8319.480	-1.880	19.702
8319.490	-1.880	19.702
8319.500	-1.880	20.508
8319.510	-1.920	20.581
8319.520	-1.920	20.947
8319.530	-1.920	21.094
8319.540	-2.050	21.387
8319.550	-2.050	21.680
8319.560	-2.050	21.899
8319.570	-2.030	22.485
8319.580	-2.030	22.485
8319.590	-2.030	22.778
8319.600	-2.180	22.778
8319.610	-2.180	23.071
8319.620	-2.180	23.218
8319.630	-2.150	23.437
8319.640	-2.150	23.437
8319.650	-2.150	23.730
8319.660	-2.240	23.950
8319.670	-2.240	23.877
8319.680	-2.240	24.097
8319.690	-2.290	24.316
8319.700	-2.290	24.609
8319.710	-2.290	24.536
8319.720	-2.290	24.976
8319.730	-2.290	25.049
8319.740	-2.290	25.342
8319.750	-2.370	25.488
8319.760	-2.370	25.562
8319.770	-2.370	25.781
8319.780	-2.340	25.781
8319.790	-2.340	25.928
8319.800	-2.340	25.781
8319.810	-2.410	26.367
8319.820	-2.410	26.074
8319.830	-2.410	26.367
8319.840	-2.460	26.440
8319.850	-2.460	26.221
8319.860	-2.460	26.440
8319.870	-2.400	26.367
8319.880	-2.400	26.660
8319.890	-2.400	26.733
8319.900	-2.410	27.026
8319.910	-2.410	26.733
8319.920	-2.410	26.660
8319.930	-2.450	26.660
8319.940	-2.450	26.367
8319.950	-2.450	26.733
8319.960	-2.400	26.514
8319.970	-2.400	26.807
8319.980	-2.400	26.514
8319.990	-2.430	26.367
8320.000	-2.430	26.221
8320.010	-2.430	26.074
8320.020	-2.440	26.367
8320.030	-2.440	25.928
8320.040	-2.440	26.440
8320.050	-2.370	26.367
8320.060	-2.370	26.294
8320.070	-2.370	26.001
8320.080	-2.320	26.001
8320.090	-2.320	25.928
8320.100	-2.320	25.635
8320.110	-2.350	25.781
8320.120	-2.350	25.342
8320.130	-2.350	25.562
8320.140	-2.250	25.049
8320.150	-2.250	24.829
8320.160	-2.250	24.683
8320.170	-2.240	24.683
8320.180	-2.240	24.316
8320.190	-2.240	24.316
8320.200	-2.210	24.243
8320.210	-2.210	23.950
8320.220	-2.210	23.730
8320.230	-2.090	23.657
8320.240	-2.090	23.437
8320.250	-2.090	23.291
8320.260	-2.080	22.852
8320.270	-2.080	22.852
8320.280	-2.080	22.559
8320.290	-2.010	22.559
8320.300	-2.010	22.339
8320.310	-2.010	21.899
8320.320	-1.950	21.973
8320.330	-1.950	21.240
8320.340	-1.950	21.094
8320.350	-1.850	20.728
8320.360	-1.850	20.654
8320.370	-1.850	20.361
8320.380	-1.760	19.922
8320.390	-1.760	19.556
8320.400	-1.760	19.189
8320.410	-1.690	19.189
8320.420	-1.690	18.750
8320.430	-1.690	18.457
8320.440	-1.560	18.237
8320.450	-1.560	17.871
8320.460	-1.560	17.065
8320.470	-1.480	16.919
8320.480	-1.480	16.772
8320.490	-1.480	16.040
8320.500	-1.420	16.113
8320.510	-1.420	15.381
8320.520	-1.420	15.015
8320.530	-1.240	14.648
8320.540	-1.240	14.209
8320.550	-1.240	13.916
8320.560	-1.140	13.696
8320.570	-1.140	12.964
8320.580	-1.140	12.598
8320.590	-1.060	12.378
8320.600	-1.060	11.646
8320.610	-1.060	11.133
8320.620	-0.880	10.474
8320.630	-0.880	10.181
8320.640	-0.880	9.521
8320.650	-0.730	9.521
8320.660	-0.730	9.302
8320.670	-0.730	7.910
8320.680	-0.610	7.544
8320.690	-0.610	7.544
8320.700	-0.610	7.031
8320.710	-0.500	6.738
8320.720	-0.500	6.372
8320.730	-0.500	5.933
8320.740	-0.380	5.566
8320.750	-0.380	4.541
8320.760	-0.380	3.955
8320.770	-0.230	3.662
8320.780	-0.230	3.296
8320.790	-0.230	2.197
8320.800	-0.080	2.197
8320.810	-0.080	1.758
8320.820	-0.080	0.659
8320.830	0.070	0.659
8320.840	0.070	-0.073
8320.850	0.070	-0.659
8320.860	0.230	-1.318
8320.870	0.230	-1.831
8320.880	0.230	-2.344
8320.890	0.390	-2.930
8320.900	0.390	-3.442
8320.910	0.390	-3.809
8320.920	0.530	-4.395
8320.930	0.530	-5.493
8320.940	0.530	-5.933
8320.950	0.690	-6.592
8320.960	0.690	-6.885
8320.970	0.690	-7.251
8320.980	0.850	-7.910
8320.990	0.850	-8.350
8321.000	0.850	-9.155
8321.010	1.010	-9.814
8321.020	1.010	-10.547
8321.030	1.010	-10.400
8321.040	1.210	-11.206
8321.050	1.210	-11.426
8321.060	1.210	-13.330
8321.070	1.320	-13.330
8321.080	1.320	-13.696
8321.090	1.320	-14.429
8321.100	1.520	-15.015
8321.110	1.520	-15.674
8321.120	1.520	-16.260
8321.130	1.650	-16.699
8321.140	1.650	-17.139
8321.150	1.650	-18.018
8321.160	1.850	-18.677
8321.170	1.850	-19.043
8321.180	1.850	-19.849
8321.190	2.030	-20.508
8321.200	2.030	-20.874
8321.210	2.030	-21.606
8321.220	2.170	-22.119
8321.230	2.170	-22.852
8321.240	2.170	-23.291
8321.250	2.300	-23.877
8321.260	2.300	-24.609
8321.270	2.300	-25.122
8321.280	2.460	-25.781
8321.290	2.460	-26.147
8321.300	2.460	-26.733
8321.310	2.640	-27.466
8321.320	2.640	-27.832
8321.330	2.640	-28.345
8321.340	2.780	-29.370
8321.350	2.780	-29.736
8321.360	2.780	-30.029
8321.370	2.940	-30.835
8321.380	2.940	-31.055
8321.390	2.940	-31.714
8321.400	3.070	-32.373
8321.410	3.070	-32.739
8321.420	3.070	-33.105
8321.430	3.170	-33.838
8321.440	3.170	-33.911
8321.450	3.170	-34.790
8321.460	3.310	-35.596
8321.470	3.310	-35.522
8321.480	3.310	-36.182
8321.490	3.470	-36.475
8321.500	3.470	-36.987
8321.510	3.470	-37.500
8321.520	3.590	-38.159
8321.530	3.590	-38.525
8321.540	3.590	-39.111
8321.550	3.720	-39.478
8321.560	3.720	-39.551
8321.570	3.720	-40.356
8321.580	3.850	-41.016
8321.590	3.850	-41.602
8321.600	3.850	-42.114
8321.610	3.950	-42.554
8321.620	3.950	-43.213
8321.630	3.950	-43.652
8321.640	4.100	-44.092
8321.650	4.100	-44.238
8321.660	4.100	-44.897
8321.670	4.190	-45.483
8321.680	4.190	-45.703
8321.690	4.190	-45.996
8321.700	4.310	-46.362
8321.710	4.310	-46.582
8321.720	4.310	-46.948
8321.730	4.450	-47.388
8321.740	4.450	-47.607
8321.750	4.450	-48.120
8321.760	4.510	-48.413
8321.770	4.510	-48.706
8321.780	4.510	-49.219
8321.790	4.570	-49.951
8321.800	4.570	-50.098
8321.810	4.570	-50.757
8321.820	4.750	-51.196
8321.830	4.750	-51.489
8321.840	4.750	-51.782
8321.850	4.820	-52.441
8321.860	4.820	-52.734
8321.870	4.820	-52.954
8321.880	4.890	-53.247
8321.890	4.890	-53.467
8321.900	4.890	-53.906
8321.910	4.990	-54.126
8321.920	4.990	-54.272
8321.930	4.990	-54.565
8321.940	5.060	-55.591
8321.950	5.060	-55.371
8321.960	5.060	-55.444
8321.970	5.110	-56.104
8321.980	5.110	-56.250
8321.990	5.110	-56.543
8322.000	5.260	-56.616
8322.010	5.260	-56.836
8322.020	5.260	-56.909
8322.030	5.320	-57.861
8322.040	5.320	-57.202
8322.050	5.320	-57.788
8322.060	5.360	-58.154
8322.070	5.360	-58.228
8322.080	5.360	-58.301
8322.090	5.410	-58.813
8322.100	5.410	-59.106
8322.110	5.410	-59.326
8322.120	5.450	-59.692
8322.130	5.450	-59.106
8322.140	5.450	-59.692
8322.150	5.490	-59.692
8322.160	5.490	-60.132
8322.170	5.490	-60.498
8322.180	5.550	-60.498
8322.190	5.550	-60.278
8322.200	5.550	-60.718
8322.210	5.570	-60.718
8322.220	5.570	-60.791
8322.230	5.570	-61.157
8322.240	5.620	-61.157
8322.250	5.620	-61.523
8322.260	5.620	-61.670
8322.270	5.700	-61.670
8322.280	5.700	-61.743
8322.290	5.700	-62.183
8322.300	5.700	-62.183
8322.310	5.700	-61.816
8322.320	5.700	-62.402
8322.330	5.680	-62.402
8322.340	5.680	-62.036
8322.350	5.680	-62.549
8322.360	5.710	-62.549
8322.370	5.710	-62.109
8322.380	5.710	-62.695
8322.390	5.700	-62.695
8322.400	5.700	-62.256
8322.410	5.700	-62.842
8322.420	5.740	-62.842
8322.430	5.740	-62.402
8322.440	5.740	-62.402
8322.450	5.760	-62.402
8322.460	5.760	-62.476
8322.470	5.760	-62.695
8322.480	5.720	-62.476
8322.490	5.720	-62.769
8322.500	5.720	-62.769
8322.510	5.690	-62.988
8322.520	5.690	-62.402
8322.530	5.690	-62.622
8322.540	5.680	-62.915
8322.550	5.680	-62.402
8322.560	5.680	-62.476
8322.570	5.680	-62.769
8322.580	5.680	-62.109
8322.590	5.680	-62.183
8322.600	5.670	-62.476
8322.610	5.670	-61.670
8322.620	5.670	-62.109
8322.630	5.630	-62.402
8322.640	5.630	-61.523
8322.650	5.630	-61.670
8322.660	5.570	-61.743
8322.670	5.570	-61.230
8322.680	5.570	-61.450
8322.690	5.510	-61.377
8322.700	5.510	-60.937
8322.710	5.510	-60.791
8322.720	5.470	-60.645
8322.730	5.470	-59.912
8322.740	5.470	-60.205
8322.750	5.410	-59.912
8322.760	5.410	-59.546
8322.770	5.410	-59.399
8322.780	5.370	-59.619
8322.790	5.370	-58.887
8322.800	5.370	-58.667
8322.810	5.300	-58.887
8322.820	5.300	-58.521
8322.830	5.300	-58.154
8322.840	5.230	-58.008
8322.850	5.230	-57.642
8322.860	5.230	-57.349
8322.870	5.140	-57.422
8322.880	5.140	-56.396
8322.890	5.140	-56.323
8322.900	5.040	-56.250
8322.910	5.040	-55.664
8322.920	5.040	-55.078
8322.930	4.970	-55.444
8322.940	4.970	-54.712
8322.950	4.970	-54.346
8322.960	4.860	-53.979
8322.970	4.860	-53.320
8322.980	4.860	-53.247
8322.990	4.750	-53.101
8323.000	4.750	-52.222
8323.010	4.750	-51.855
8323.020	4.620	-51.709
8323.030	4.620	-50.684
8323.040	4.620	-50.757
8323.050	4.470	-50.684
8323.060	4.470	-50.244
8323.070	4.470	-49.219
8323.080	4.330	-49.219
8323.090	4.330	-48.560
8323.100	4.330	-47.827
8323.110	4.290	-47.827
8323.120	4.290	-47.461
8323.130	4.290	-46.216
8323.140	4.190	-46.216
8323.150	4.190	-45.410
8323.160	4.190	-44.751
8323.170	4.000	-44.751
8323.180	4.000	-44.165
8323.190	4.000	-43.652
8323.200	3.820	-43.140
8323.210	3.820	-42.920
8323.220	3.820	-42.261
8323.230	3.710	-41.821
8323.240	3.710	-41.162
8323.250	3.710	-40.649
8323.260	3.540	-40.137
8323.270	3.540	-39.771
8323.280	3.540	-38.599
8323.290	3.440	-38.599
8323.300	3.440	-37.939
8323.310	3.440	-36.548
8323.320	3.260	-36.548
8323.330	3.260	-36.182
8323.340	3.260	-35.522
8323.350	3.080	-35.522
8323.360	3.080	-34.717
8323.370	3.080	-33.838
8323.380	2.950	-33.838
8323.390	2.950	-33.105
8323.400	2.950	-32.593
8323.410	2.790	-31.641
8323.420	2.790	-31.421
8323.430	2.790	-30.835
8323.440	2.600	-30.103
8323.450	2.600	-29.224
8323.460	2.600	-28.784
8323.470	2.500	-28.345
8323.480	2.500	-27.539
8323.490	2.500	-26.953
8323.500	2.310	-26.660
8323.510	2.310	-25.928
8323.520	2.310	-25.342
8323.530	2.160	-24.609
8323.540	2.160	-24.243
8323.550	2.160	-23.657
8323.560	1.990	-23.071
8323.570	1.990	-22.559
8323.580	1.990	-21.899
8323.590	1.810	-21.753
8323.600	1.810	-20.581
8323.610	1.810	-20.361
8323.620	1.690	-19.629
8323.630	1.690	-19.336
8323.640	1.690	-18.896
8323.650	1.510	-18.237
8323.660	1.510	-17.505
8323.670	1.510	-16.553
8323.680	1.380	-16.553
8323.690	1.380	-15.381
8323.700	1.380	-15.454
8323.710	1.250	-14.868
8323.720	1.250	-14.429
8323.730	1.250	-13.403
8323.740	1.090	-12.817
8323.750	1.090	-12.378
8323.760	1.090	-12.305
8323.770	0.940	-11.646
8323.780	0.940	-10.767
8323.790	0.940	-9.888
8323.800	0.790	-9.888
8323.810	0.790	-9.375
8323.820	0.790	-8.496
8323.830	0.640	-8.496
8323.840	0.640	-7.764
8323.850	0.640	-6.519
8323.860	0.500	-6.519
8323.870	0.500	-6.299
8323.880	0.500	-4.980
8323.890	0.360	-4.980
8323.900	0.360	-4.468
8323.910	0.360	-3.809
8323.920	0.190	-3.149
8323.930	0.190	-2.783
8323.940	0.190	-2.344
8323.950	0.050	-1.904
8323.960	0.050	-1.318
8323.970	0.050	-0.732
8323.980	-0.090	-0.293
8323.990	-0.090	0.073
8324.000	-0.090	0.586
8324.010	-0.260	1.172
8324.020	-0.260	1.685
8324.030	-0.260	2.197
8324.040	-0.350	2.563
8324.050	-0.350	3.003
8324.060	-0.350	3.516
8324.070	-0.500	4.175
8324.080	-0.500	4.614
8324.090	-0.500	5.200
8324.100	-0.620	5.859
8324.110	-0.620	6.079
8324.120	-0.620	6.372
8324.130	-0.740	7.031
8324.140	-0.740	7.544
8324.150	-0.740	8.203
8324.160	-0.850	8.496
8324.170	-0.850	8.643
8324.180	-0.850	9.229
8324.190	-0.930	9.741
8324.200	-0.930	9.888
8324.210	-0.930	11.060
8324.220	-1.080	11.279
8324.230	-1.080	11.279
8324.240	-1.080	11.572
8324.250	-1.160	12.158
8324.260	-1.160	12.158
8324.270	-1.160	13.330
8324.280	-1.300	13.477
8324.290	-1.300	13.477
8324.300	-1.300	14.575
8324.310	-1.400	14.795
8324.320	-1.400	14.795
8324.330	-1.400	15.820
8324.340	-1.520	16.479
8324.350	-1.520	16.479
8324.360	-1.520	16.479
8324.370	-1.640	16.479
8324.380	-1.640	17.065
8324.390	-1.640	17.798
8324.400	-1.690	17.798
8324.410	-1.690	17.871
8324.420	-1.690	18.750
8324.430	-1.770	18.750
8324.440	-1.770	19.043
8324.450	-1.770	19.849
8324.460	-1.870	19.849
8324.470	-1.870	20.068
8324.480	-1.870	20.435
8324.490	-1.960	20.435
8324.500	-1.960	20.508
8324.510	-1.960	21.167
8324.520	-2.000	21.167
8324.530	-2.000	21.680
8324.540	-2.000	22.046
8324.550	-2.130	22.046
8324.560	-2.130	22.266
8324.570	-2.130	22.852
8324.580	-2.150	22.852
8324.590	-2.150	23.218
8324.600	-2.150	23.877
8324.610	-2.230	23.877
8324.620	-2.230	24.023
8324.630	-2.230	24.683
8324.640	-2.270	24.683
8324.650	-2.270	24.829
8324.660	-2.270	25.049
8324.670	-2.360	25.049
8324.680	-2.360	25.488
8324.690	-2.360	25.269
8324.700	-2.350	25.708
8324.710	-2.350	25.562
8324.720	-2.350	26.221
8324.730	-2.470	26.147
8324.740	-2.470	26.221
8324.750	-2.470	26.367
8324.760	-2.450	26.367
8324.770	-2.450	26.660
8324.780	-2.450	26.660
8324.790	-2.530	27.319
8324.800	-2.530	27.173
8324.810	-2.530	27.246
8324.820	-2.490	27.100
8324.830	-2.490	26.953
8324.840	-2.490	27.466
8324.850	-2.550	27.466
8324.860	-2.550	27.686
8324.870	-2.550	27.686
8324.880	-2.580	27.686
8324.890	-2.580	27.612
8324.900	-2.580	27.686
8324.910	-2.540	27.905
8324.920	-2.540	27.905
8324.930	-2.540	28.052
8324.940	-2.600	28.052
8324.950	-2.600	28.198
8324.960	-2.600	28.271
8324.970	-2.540	28.271
8324.980	-2.540	28.198
8324.990	-2.540	28.271
8325.000	-2.590	28.271
8325.010	-2.590	28.125
8325.020	-2.590	28.125
8325.030	-2.570	28.052
8325.040	-2.570	27.905
8325.050	-2.570	27.905
8325.060	-2.500	27.979
8325.070	-2.500	27.832
8325.080	-2.500	27.832
8325.090	-2.550	27.539
8325.100	-2.550	27.539
8325.110	-2.550	27.686
8325.120	-2.490	27.612
8325.130	-2.490	27.539
8325.140	-2.490	27.173
8325.150	-2.410	26.880
8325.160	-2.410	26.953
8325.170	-2.410	26.733
8325.180	-2.420	27.100
8325.190	-2.420	26.733
8325.200	-2.420	26.587
8325.210	-2.400	26.294
8325.220	-2.400	26.001
8325.230	-2.400	26.001
8325.240	-2.310	25.781
8325.250	-2.310	25.781
8325.260	-2.310	25.269
8325.270	-2.210	25.342
8325.280	-2.210	24.536
8325.290	-2.210	24.609
8325.300	-2.220	24.463
8325.310	-2.220	24.243
8325.320	-2.220	23.950
8325.330	-2.100	23.804
8325.340	-2.100	23.584
8325.350	-2.100	23.071
8325.360	-2.050	23.071
8325.370	-2.050	22.852
8325.380	-2.050	22.778
8325.390	-1.970	22.559
8325.400	-1.970	22.192
8325.410	-1.970	21.680
8325.420	-1.870	21.606
8325.430	-1.870	21.021
8325.440	-1.870	20.947
8325.450	-1.830	20.508
8325.460	-1.830	20.288
8325.470	-1.830	19.849
8325.480	-1.710	19.336
8325.490	-1.710	18.896
8325.500	-1.710	18.677
8325.510	-1.600	18.237
8325.520	-1.600	18.018
8325.530	-1.600	17.871
8325.540	-1.520	17.139
8325.550	-1.520	16.846
8325.560	-1.520	16.553
8325.570	-1.390	15.820
8325.580	-1.390	15.820
8325.590	-1.390	15.308
8325.600	-1.240	14.648
8325.610	-1.240	14.575
8325.620	-1.240	13.989
8325.630	-1.120	13.623
8325.640	-1.120	13.110
8325.650	-1.120	12.451
8325.660	-1.000	12.158
8325.670	-1.000	11.865
8325.680	-1.000	11.279
8325.690	-0.880	10.547
8325.700	-0.880	10.181
8325.710	-0.880	9.814
8325.720	-0.750	9.229
8325.730	-0.750	8.569
8325.740	-0.750	8.423
8325.750	-0.590	7.983
8325.760	-0.590	7.031
8325.770	-0.590	6.519
8325.780	-0.440	5.786
8325.790	-0.440	5.420
8325.800	-0.440	5.054
8325.810	-0.270	4.468
8325.820	-0.270	3.882
8325.830	-0.270	3.442
8325.840	-0.110	2.710
8325.850	-0.110	2.197
8325.860	-0.110	1.831
8325.870	0.010	1.318
8325.880	0.010	0.659
8325.890	0.010	0.073
8325.900	0.140	-0.659
8325.910	0.140	-1.318
8325.920	0.140	-1.685
8325.930	0.310	-2.271
8325.940	0.310	-2.783
8325.950	0.310	-4.028
8325.960	0.490	-4.028
8325.970	0.490	-4.687
8325.980	0.490	-5.640
8325.990	0.680	-5.640
8326.000	0.680	-6.006
8326.010	0.680	-7.617
8326.020	0.820	-7.617
8326.030	0.820	-8.496
8326.040	0.820	-9.375
8326.050	1.000	-9.375
8326.060	1.000	-10.034
8326.070	1.000	-10.913
8326.080	1.170	-10.913
8326.090	1.170	-11.792
8326.100	1.170	-12.891
8326.110	1.270	-12.891
8326.120	1.270	-13.550
8326.130	1.270	-14.795
8326.140	1.460	-14.795
8326.150	1.460	-15.308
8326.160	1.460	-16.333
8326.170	1.630	-16.333
8326.180	1.630	-17.212
8326.190	1.630	-18.091
8326.200	1.770	-18.091
8326.210	1.770	-18.677
8326.220	1.770	-19.556
8326.230	1.930	-19.556
8326.240	1.930	-20.435
8326.250	1.930	-21.313
8326.260	2.060	-21.313
8326.270	2.060	-21.973
8326.280	2.060	-22.559
8326.290	2.210	-23.291
8326.300	2.210	-23.804
8326.310	2.210	-24.463
8326.320	2.360	-25.122
8326.330	2.360	-25.415
8326.340	2.360	-25.708
