%Time [ms]	Commanded Torque [mNm]	Angular Velocity [RPM]	Actual Current [Amp]	%2/10/20262:48 PM
0.000	0.000	0.000	0.000
20.000	10.000	0.000	0.001
30.000	10.000	0.000	0.004
40.000	10.000	0.000	0.004
50.000	10.000	0.000	0.002
60.000	10.000	0.000	0.003
70.000	10.000	0.000	0.003
80.000	10.000	0.000	0.006
90.000	10.000	0.000	0.001
100.000	10.000	0.000	0.003
110.000	10.000	0.000	0.006
120.000	10.000	0.000	0.002
130.000	10.000	0.000	0.003
140.000	10.000	0.000	-0.000
150.000	10.000	0.000	0.004
160.000	10.000	0.000	0.001
170.000	10.000	0.000	0.003
180.000	10.000	0.000	0.006
190.000	10.000	0.000	0.003
200.000	10.000	0.000	0.003
210.000	10.000	0.000	0.003
220.000	10.000	0.000	0.003
230.000	10.000	0.000	0.004
240.000	10.000	0.000	0.001
250.000	10.000	0.000	0.001
260.000	10.000	0.000	0.003
270.000	10.000	0.000	0.006
280.000	10.000	0.000	0.001
290.000	10.000	0.000	0.001
300.000	10.000	0.000	0.006
310.000	10.000	0.000	0.006
320.000	10.000	0.000	0.002
330.000	10.000	0.000	0.003
340.000	10.000	0.000	0.004
350.000	10.000	0.000	0.006
360.000	10.000	0.000	0.001
370.000	10.000	0.000	0.003
380.000	10.000	0.000	0.006
390.000	10.000	0.000	0.007
400.000	10.000	0.000	0.002
410.000	10.000	0.000	0.003
420.000	10.000	0.000	0.006
430.000	10.000	0.000	0.002
440.000	10.000	0.000	0.002
450.000	10.000	0.000	0.002
460.000	10.000	0.000	0.006
470.000	10.000	0.000	0.002
480.000	10.000	0.000	-0.000
490.000	10.000	0.000	0.006
500.000	10.000	0.000	0.004
510.000	10.000	0.000	0.003
520.000	10.000	0.000	0.001
530.000	10.000	0.000	0.004
540.000	10.000	0.000	0.003
550.000	10.000	0.000	0.003
560.000	10.000	0.000	0.001
570.000	10.000	0.000	0.002
580.000	10.000	0.000	0.006
590.000	10.000	0.000	-0.000
600.000	10.000	0.000	0.003
610.000	10.000	0.000	0.003
620.000	10.000	0.000	0.006
630.000	10.000	0.000	0.001
640.000	10.000	0.000	0.001
650.000	10.000	0.000	0.003
660.000	10.000	0.000	0.007
670.000	10.000	0.000	0.003
680.000	10.000	0.000	0.002
690.000	10.000	0.000	0.003
700.000	10.000	0.000	0.006
710.000	10.000	0.000	0.003
720.000	10.000	0.000	0.002
730.000	10.000	0.000	0.002
740.000	10.000	0.000	0.004
750.000	10.000	0.000	0.001
760.000	10.000	0.000	0.002
770.000	10.000	0.000	0.004
780.000	10.000	0.000	0.004
790.000	10.000	0.000	0.003
800.000	10.000	0.000	0.003
810.000	10.000	0.000	0.003
820.000	10.000	0.000	0.003
830.000	10.000	0.000	0.001
840.000	10.000	0.000	0.001
850.000	10.000	0.000	0.003
860.000	10.000	0.000	0.003
870.000	10.000	0.000	0.004
880.000	10.000	0.000	0.002
890.000	10.000	0.000	0.006
900.000	10.000	0.000	0.002
910.000	10.000	0.000	0.003
920.000	10.000	0.000	0.004
930.000	10.000	0.000	0.003
940.000	10.000	0.000	0.006
950.000	10.000	0.000	0.002
960.000	10.000	0.000	-0.000
970.000	10.000	0.000	0.004
980.000	10.000	0.000	0.001
990.000	10.000	0.000	0.001
1000.000	10.000	0.000	0.001
1010.000	10.000	0.000	0.003
1020.000	10.000	0.000	0.003
1030.000	10.000	0.000	0.040
1040.000	10.000	0.000	0.139
1050.000	10.000	-0.073	0.205
1060.000	10.000	-0.073	0.262
1070.000	10.000	-0.146	0.295
1080.000	10.000	-0.146	0.322
1090.000	10.000	-0.220	0.343
1100.000	10.000	-0.293	0.355
1110.000	10.000	-0.366	0.366
1120.000	10.000	-0.513	0.374
1130.000	10.000	-0.586	0.380
1140.000	10.000	-0.732	0.386
1150.000	10.000	-0.879	0.389
1160.000	10.000	-1.099	0.390
1170.000	10.000	-1.245	0.394
1180.000	10.000	-1.538	0.394
1190.000	10.000	-1.685	0.394
1200.000	10.000	-1.831	0.394
1210.000	10.000	-1.978	0.394
1220.000	10.000	-2.051	0.399
1230.000	10.000	-2.344	0.397
1240.000	10.000	-2.490	0.396
1250.000	10.000	-2.710	0.396
1260.000	10.000	-2.856	0.396
1270.000	10.000	-2.856	0.396
1280.000	10.000	-2.856	0.394
1290.000	10.000	-2.930	0.396
1300.000	10.000	-2.930	0.396
1310.000	10.000	-3.003	0.394
1320.000	10.000	-3.442	0.397
1330.000	10.000	-3.442	0.397
1340.000	10.000	-3.589	0.396
1350.000	10.000	-3.662	0.396
1360.000	10.000	-3.589	0.396
1370.000	10.000	-3.735	0.397
1380.000	10.000	-4.102	0.397
1390.000	10.000	-4.395	0.396
1400.000	10.000	-4.468	0.397
1410.000	10.000	-4.614	0.396
1420.000	10.000	-4.834	0.393
1430.000	10.000	-4.980	0.395
1440.000	10.000	-5.054	0.399
1450.000	10.000	-5.200	0.395
1460.000	10.000	-5.566	0.396
1470.000	10.000	-5.713	0.395
1480.000	10.000	-5.566	0.397
1490.000	10.000	-5.493	0.397
1500.000	10.000	-5.859	0.401
1510.000	10.000	-6.152	0.394
1520.000	10.000	-6.152	0.397
1530.000	10.000	-6.152	0.399
1540.000	10.000	-6.519	0.395
1550.000	10.000	-6.519	0.396
1560.000	10.000	-6.372	0.397
1570.000	10.000	-6.665	0.396
1580.000	10.000	-6.885	0.396
1590.000	10.000	-7.251	0.394
1600.000	10.000	-7.544	0.397
1610.000	10.000	-7.471	0.396
1620.000	10.000	-7.544	0.394
1630.000	10.000	-7.837	0.393
1640.000	10.000	-7.690	0.399
1650.000	10.000	-8.057	0.395
1660.000	10.000	-8.496	0.396
1670.000	10.000	-8.276	0.396
1680.000	10.000	-8.496	0.396
1690.000	10.000	-8.643	0.396
1700.000	10.000	-8.496	0.395
1710.000	10.000	-8.936	0.395
1720.000	10.000	-9.009	0.400
1730.000	10.000	-9.009	0.395
1740.000	10.000	-9.229	0.396
1750.000	10.000	-9.229	0.394
1760.000	10.000	-9.375	0.397
1770.000	10.000	-9.668	0.394
1780.000	10.000	-9.668	0.394
1790.000	10.000	-10.107	0.399
1800.000	10.000	-9.888	0.395
1810.000	10.000	-10.107	0.395
1820.000	10.000	-10.107	0.395
1830.000	10.000	-10.474	0.396
1840.000	10.000	-10.474	0.396
1850.000	10.000	-10.767	0.396
1860.000	10.000	-11.060	0.394
1870.000	10.000	-11.060	0.394
1880.000	10.000	-11.060	0.399
1890.000	10.000	-11.426	0.399
1900.000	10.000	-11.206	0.395
1910.000	10.000	-11.572	0.394
1920.000	10.000	-12.012	0.399
1930.000	10.000	-12.012	0.395
1940.000	10.000	-12.231	0.394
1950.000	10.000	-12.158	0.396
1960.000	10.000	-12.744	0.396
1970.000	10.000	-12.451	0.396
1980.000	10.000	-12.744	0.395
1990.000	10.000	-12.744	0.395
2000.000	10.000	-13.037	0.395
2010.000	10.000	-13.110	0.397
2020.000	10.000	-13.110	0.397
2030.000	10.000	-13.477	0.396
2040.000	10.000	-13.550	0.397
2050.000	10.000	-13.550	0.397
2060.000	10.000	-13.623	0.393
2070.000	10.000	-13.916	0.396
2080.000	10.000	-13.916	0.396
2090.000	10.000	-14.062	0.396
2100.000	10.000	-14.209	0.395
2110.000	10.000	-14.209	0.395
2120.000	10.000	-14.355	0.401
2130.000	10.000	-14.429	0.400
2140.000	10.000	-14.868	0.396
2150.000	10.000	-14.941	0.394
2160.000	10.000	-14.941	0.394
2170.000	10.000	-15.234	0.397
2180.000	10.000	-15.161	0.394
2190.000	10.000	-15.381	0.396
2200.000	10.000	-15.601	0.399
2210.000	10.000	-15.747	0.396
2220.000	10.000	-15.894	0.394
2230.000	10.000	-15.967	0.395
2240.000	10.000	-16.260	0.396
2250.000	10.000	-16.187	0.399
2260.000	10.000	-16.406	0.396
2270.000	10.000	-16.846	0.396
2280.000	10.000	-16.772	0.397
2290.000	10.000	-16.846	0.397
2300.000	10.000	-16.992	0.396
2310.000	10.000	-17.139	0.395
2320.000	10.000	-17.505	0.396
2330.000	10.000	-17.358	0.397
2340.000	10.000	-17.432	0.399
2350.000	10.000	-17.944	0.395
2360.000	10.000	-17.798	0.401
2370.000	10.000	-17.798	0.397
2380.000	10.000	-18.164	0.395
2390.000	10.000	-18.311	0.394
2400.000	10.000	-18.530	0.396
2410.000	10.000	-18.677	0.399
2420.000	10.000	-18.604	0.395
2430.000	10.000	-18.823	0.395
2440.000	10.000	-18.970	0.396
2450.000	10.000	-19.043	0.397
2460.000	10.000	-19.336	0.395
2470.000	10.000	-19.702	0.396
2480.000	10.000	-19.629	0.400
2490.000	10.000	-19.775	0.399
2500.000	10.000	-19.702	0.397
2510.000	10.000	-20.142	0.397
2520.000	10.000	-20.508	0.397
2530.000	10.000	-20.654	0.397
2540.000	10.000	-20.654	0.397
2550.000	10.000	-21.021	0.395
2560.000	10.000	-21.021	0.395
2570.000	10.000	-20.654	0.396
2580.000	10.000	-21.167	0.397
2590.000	10.000	-21.240	0.397
2600.000	10.000	-21.533	0.397
2610.000	10.000	-21.460	0.396
2620.000	10.000	-21.606	0.396
2630.000	10.000	-21.606	0.396
2640.000	10.000	-21.753	0.397
2650.000	10.000	-22.046	0.396
2660.000	10.000	-21.899	0.399
2670.000	10.000	-22.339	0.395
2680.000	10.000	-22.412	0.397
2690.000	10.000	-22.559	0.399
2700.000	10.000	-22.705	0.395
2710.000	10.000	-23.071	0.394
2720.000	10.000	-23.145	0.397
2730.000	10.000	-23.437	0.397
2740.000	10.000	-23.437	0.396
2750.000	10.000	-23.511	0.394
2760.000	10.000	-23.877	0.395
2770.000	10.000	-23.950	0.395
2780.000	10.000	-24.170	0.401
2790.000	10.000	-24.463	0.394
2800.000	10.000	-24.829	0.395
2810.000	10.000	-24.609	0.397
2820.000	10.000	-24.902	0.400
2830.000	10.000	-24.902	0.400
2840.000	10.000	-25.195	0.396
2850.000	10.000	-25.269	0.396
2860.000	10.000	-25.269	0.396
2870.000	10.000	-25.488	0.394
2880.000	10.000	-25.781	0.396
2890.000	10.000	-25.781	0.396
2900.000	10.000	-25.562	0.396
2910.000	10.000	-26.001	0.396
2920.000	10.000	-26.001	0.396
2930.000	10.000	-26.294	0.399
2940.000	10.000	-26.660	0.396
2950.000	10.000	-27.100	0.394
2960.000	10.000	-27.100	0.397
2970.000	10.000	-27.100	0.397
2980.000	10.000	-27.466	0.395
2990.000	10.000	-27.100	0.394
3000.000	10.000	-27.319	0.396
3010.000	10.000	-27.759	0.394
3020.000	10.000	-27.905	0.401
3030.000	10.000	-28.052	0.395
3040.000	10.000	-28.271	0.396
3050.000	10.000	-28.418	0.396
3060.000	10.000	-28.418	0.397
3070.000	10.000	-28.564	0.396
3080.000	10.000	-28.491	0.397
3090.000	10.000	-29.004	0.397
3100.000	10.000	-29.297	0.396
3110.000	10.000	-29.004	0.394
3120.000	10.000	-29.297	0.394
3130.000	10.000	-29.663	0.397
3140.000	10.000	-29.663	0.397
3150.000	10.000	-29.736	0.395
3160.000	10.000	-29.736	0.394
3170.000	10.000	-30.249	0.395
3180.000	10.000	-30.176	0.397
3190.000	10.000	-30.615	0.395
3200.000	10.000	-30.615	0.399
3210.000	10.000	-30.835	0.396
3220.000	10.000	-31.055	0.396
3230.000	10.000	-31.055	0.396
3240.000	10.000	-31.274	0.396
3250.000	10.000	-31.567	0.397
3260.000	10.000	-31.567	0.397
3270.000	10.000	-31.787	0.394
3280.000	10.000	-32.080	0.396
3290.000	10.000	-31.787	0.399
3300.000	10.000	-32.153	0.397
3310.000	10.000	-32.153	0.397
3320.000	10.000	-32.300	0.395
3330.000	10.000	-32.373	0.399
3340.000	10.000	-32.739	0.396
3350.000	10.000	-32.959	0.396
3360.000	10.000	-32.959	0.393
3370.000	10.000	-33.691	0.396
3380.000	10.000	-33.472	0.396
3390.000	10.000	-33.472	0.397
3400.000	10.000	-33.984	0.395
3410.000	10.000	-33.765	0.395
3420.000	10.000	-34.131	0.395
3430.000	10.000	-33.911	0.396
3440.000	10.000	-34.351	0.395
3450.000	10.000	-34.497	0.400
3460.000	10.000	-34.497	0.400
3470.000	10.000	-34.204	0.396
3480.000	10.000	-34.937	0.395
3490.000	10.000	-34.937	0.395
3500.000	10.000	-34.863	0.397
3510.000	10.000	-35.449	0.396
3520.000	10.000	-35.449	0.396
3530.000	10.000	-35.669	0.396
3540.000	10.000	-35.742	0.393
3550.000	10.000	-35.742	0.393
3560.000	10.000	-35.962	0.399
3570.000	10.000	-35.889	0.399
3580.000	10.000	-35.889	0.399
3590.000	10.000	-36.475	0.396
3600.000	10.000	-36.914	0.396
3610.000	10.000	-36.914	0.396
3620.000	10.000	-36.987	0.399
3630.000	10.000	-37.354	0.397
3640.000	10.000	-37.427	0.396
3650.000	10.000	-37.427	0.396
3660.000	10.000	-37.573	0.397
3670.000	10.000	-37.866	0.399
3680.000	10.000	-38.086	0.397
3690.000	10.000	-38.013	0.396
3700.000	10.000	-38.525	0.395
3710.000	10.000	-38.159	0.396
3720.000	10.000	-38.379	0.399
3730.000	10.000	-38.965	0.394
3740.000	10.000	-38.672	0.394
3750.000	10.000	-38.965	0.395
3760.000	10.000	-39.258	0.395
3770.000	10.000	-38.892	0.399
3780.000	10.000	-39.258	0.396
3790.000	10.000	-39.624	0.399
3800.000	10.000	-39.624	0.397
3810.000	10.000	-39.771	0.394
3820.000	10.000	-39.990	0.395
3830.000	10.000	-39.771	0.397
3840.000	10.000	-39.990	0.396
3850.000	10.000	-40.137	0.399
3860.000	10.000	-40.283	0.394
3870.000	10.000	-40.796	0.400
3880.000	10.000	-41.016	0.396
3890.000	10.000	-40.723	0.395
3900.000	10.000	-40.576	0.399
3910.000	10.000	-41.089	0.395
3920.000	10.000	-41.016	0.396
3930.000	10.000	-41.162	0.399
3940.000	10.000	-41.675	0.394
3950.000	10.000	-41.748	0.396
3960.000	10.000	-41.748	0.396
3970.000	10.000	-41.675	0.399
3980.000	10.000	-41.895	0.400
3990.000	10.000	-42.407	0.399
4000.000	10.000	-42.407	0.399
4010.000	10.000	-42.261	0.396
4020.000	10.000	-42.407	0.395
4030.000	10.000	-42.700	0.399
4040.000	10.000	-42.407	0.395
4050.000	10.000	-42.627	0.393
4060.000	10.000	-42.773	0.397
4070.000	10.000	-42.993	0.395
4080.000	10.000	-43.359	0.397
4090.000	10.000	-43.945	0.395
4100.000	10.000	-43.579	0.394
4110.000	10.000	-43.945	0.394
4120.000	10.000	-44.019	0.396
4130.000	10.000	-43.872	0.394
4140.000	10.000	-44.092	0.397
4150.000	10.000	-44.312	0.399
4160.000	10.000	-44.238	0.396
4170.000	10.000	-44.385	0.396
4180.000	10.000	-44.458	0.399
4190.000	10.000	-44.165	0.397
4200.000	10.000	-44.531	0.395
4210.000	10.000	-44.751	0.400
4220.000	10.000	-44.824	0.399
4230.000	10.000	-45.117	0.396
4240.000	10.000	-45.483	0.396
4250.000	10.000	-45.264	0.394
4260.000	10.000	-45.557	0.396
4270.000	10.000	-45.630	0.399
4280.000	10.000	-45.630	0.397
4290.000	10.000	-45.923	0.397
4300.000	10.000	-46.289	0.396
4310.000	10.000	-46.143	0.396
4320.000	10.000	-46.362	0.394
4330.000	10.000	-46.436	0.396
4340.000	10.000	-46.436	0.399
4350.000	10.000	-47.095	0.397
4360.000	10.000	-47.095	0.397
4370.000	10.000	-47.095	0.396
4380.000	10.000	-47.388	0.393
4390.000	10.000	-47.754	0.395
4400.000	10.000	-47.534	0.397
4410.000	10.000	-48.267	0.396
4420.000	10.000	-47.974	0.394
4430.000	10.000	-48.267	0.399
4440.000	10.000	-48.340	0.399
4450.000	10.000	-48.633	0.397
4460.000	10.000	-48.340	0.396
4470.000	10.000	-48.706	0.399
4480.000	10.000	-48.999	0.394
4490.000	10.000	-48.999	0.397
4500.000	10.000	-49.219	0.397
4510.000	10.000	-48.926	0.396
4520.000	10.000	-49.365	0.399
4530.000	10.000	-49.438	0.397
4540.000	10.000	-49.805	0.396
4550.000	10.000	-49.805	0.401
4560.000	10.000	-50.171	0.400
4570.000	10.000	-50.317	0.395
4580.000	10.000	-50.098	0.396
4590.000	10.000	-50.171	0.399
4600.000	10.000	-50.684	0.394
4610.000	10.000	-50.757	0.395
4620.000	10.000	-51.123	0.396
4630.000	10.000	-51.270	0.396
4640.000	10.000	-51.196	0.393
4650.000	10.000	-51.343	0.397
4660.000	10.000	-51.782	0.394
4670.000	10.000	-51.709	0.397
4680.000	10.000	-51.855	0.397
4690.000	10.000	-51.929	0.397
4700.000	10.000	-51.855	0.396
4710.000	10.000	-52.295	0.394
4720.000	10.000	-52.368	0.393
4730.000	10.000	-52.515	0.397
4740.000	10.000	-52.881	0.397
4750.000	10.000	-53.101	0.397
4760.000	10.000	-52.881	0.396
4770.000	10.000	-53.247	0.394
4780.000	10.000	-53.833	0.399
4790.000	10.000	-53.687	0.395
4800.000	10.000	-53.760	0.399
4810.000	10.000	-53.906	0.402
4820.000	10.000	-53.906	0.396
4830.000	10.000	-54.199	0.396
4840.000	10.000	-54.565	0.399
4850.000	10.000	-54.419	0.396
4860.000	10.000	-54.565	0.399
4870.000	10.000	-54.712	0.395
4880.000	10.000	-54.419	0.399
4890.000	10.000	-55.225	0.396
4900.000	10.000	-55.444	0.396
4910.000	10.000	-55.151	0.401
4920.000	10.000	-55.664	0.395
4930.000	10.000	-55.884	0.397
4940.000	10.000	-55.811	0.396
4950.000	10.000	-56.104	0.394
4960.000	10.000	-56.470	0.396
4970.000	10.000	-56.396	0.394
4980.000	10.000	-56.689	0.395
4990.000	10.000	-56.836	0.396
5000.000	10.000	-56.616	0.395
5010.000	10.000	-57.129	0.400
5020.000	10.000	-56.909	0.394
5030.000	10.000	-57.275	0.399
5040.000	10.000	-57.056	0.394
5050.000	10.000	-57.642	0.399
5060.000	10.000	-57.422	0.395
5070.000	10.000	-57.935	0.396
5080.000	10.000	-57.935	0.396
5090.000	10.000	-58.008	0.396
5100.000	10.000	-58.008	0.396
5110.000	10.000	-58.594	0.397
5120.000	10.000	-58.521	0.399
5130.000	10.000	-58.301	0.396
5140.000	10.000	-58.740	0.393
5150.000	10.000	-58.667	0.400
5160.000	10.000	-58.740	0.397
5170.000	10.000	-59.033	0.394
5180.000	10.000	-58.887	0.399
5190.000	10.000	-59.473	0.396
5200.000	10.000	-59.399	0.396
5210.000	10.000	-59.033	0.396
5220.000	10.000	-59.766	0.397
5230.000	10.000	-59.839	0.397
5240.000	10.000	-59.839	0.399
5250.000	10.000	-60.205	0.399
5260.000	10.000	-60.205	0.399
5270.000	10.000	-59.619	0.394
5280.000	10.000	-60.205	0.399
5290.000	10.000	-60.571	0.395
5300.000	10.000	-60.498	0.395
5310.000	10.000	-60.498	0.396
5320.000	10.000	-60.645	0.401
5330.000	10.000	-60.645	0.395
5340.000	10.000	-60.864	0.399
5350.000	10.000	-61.230	0.395
5360.000	10.000	-61.230	0.395
5370.000	10.000	-61.597	0.395
5380.000	10.000	-61.816	0.400
5390.000	10.000	-61.450	0.396
5400.000	10.000	-61.743	0.394
5410.000	10.000	-62.109	0.396
5420.000	10.000	-62.036	0.394
5430.000	10.000	-62.036	0.395
5440.000	10.000	-62.329	0.397
5450.000	10.000	-62.476	0.395
5460.000	10.000	-62.476	0.395
5470.000	10.000	-62.915	0.394
5480.000	10.000	-62.769	0.397
5490.000	10.000	-62.915	0.396
5500.000	10.000	-63.647	0.395
5510.000	10.000	-63.208	0.396
5520.000	10.000	-63.354	0.394
5530.000	10.000	-64.087	0.395
5540.000	10.000	-63.721	0.397
5550.000	10.000	-63.794	0.391
5560.000	10.000	-64.233	0.396
5570.000	10.000	-64.087	0.399
5580.000	10.000	-64.526	0.396
5590.000	10.000	-64.380	0.396
5600.000	10.000	-64.087	0.399
5610.000	10.000	-64.893	0.394
5620.000	10.000	-65.186	0.395
5630.000	10.000	-64.966	0.396
5640.000	10.000	-65.186	0.399
5650.000	10.000	-65.479	0.395
5660.000	10.000	-65.479	0.396
5670.000	10.000	-65.698	0.397
5680.000	10.000	-66.138	0.395
5690.000	10.000	-65.991	0.394
5700.000	10.000	-66.284	0.394
5710.000	10.000	-66.284	0.395
5720.000	10.000	-66.211	0.394
5730.000	10.000	-67.017	0.396
5740.000	10.000	-67.017	0.396
5750.000	10.000	-67.236	0.395
5760.000	10.000	-67.163	0.395
5770.000	10.000	-67.456	0.396
5780.000	10.000	-67.090	0.394
5790.000	10.000	-67.896	0.396
5800.000	10.000	-67.896	0.396
5810.000	10.000	-67.896	0.394
5820.000	10.000	-68.115	0.400
5830.000	10.000	-68.115	0.400
5840.000	10.000	-68.335	0.394
5850.000	10.000	-68.774	0.397
5860.000	10.000	-68.774	0.397
5870.000	10.000	-68.701	0.396
5880.000	10.000	-69.141	0.397
5890.000	10.000	-69.141	0.397
5900.000	10.000	-69.507	0.395
5910.000	10.000	-69.727	0.397
5920.000	10.000	-69.727	0.397
5930.000	10.000	-69.873	0.396
5940.000	10.000	-70.166	0.399
5950.000	10.000	-70.166	0.399
5960.000	10.000	-70.166	0.396
5970.000	10.000	-70.459	0.399
5980.000	10.000	-70.459	0.399
5990.000	10.000	-70.459	0.394
6000.000	10.000	-70.679	0.397
6010.000	10.000	-70.679	0.397
6020.000	10.000	-70.825	0.396
6030.000	10.000	-70.898	0.395
6040.000	10.000	-70.898	0.395
6050.000	10.000	-71.118	0.396
6060.000	10.000	-71.411	0.395
6070.000	10.000	-71.411	0.395
6080.000	10.000	-71.338	0.399
6090.000	10.000	-71.558	0.396
6100.000	10.000	-71.558	0.396
6110.000	10.000	-72.070	0.396
6120.000	10.000	-72.290	0.394
6130.000	10.000	-72.290	0.394
6140.000	10.000	-72.290	0.396
6150.000	10.000	-72.363	0.396
6160.000	10.000	-72.876	0.396
6170.000	10.000	-72.656	0.396
6180.000	10.000	-72.583	0.397
6190.000	10.000	-72.583	0.397
6200.000	10.000	-73.169	0.395
6210.000	10.000	-73.022	0.397
6220.000	10.000	-73.022	0.397
6230.000	10.000	-73.096	0.397
6240.000	10.000	-73.242	0.396
6250.000	10.000	-73.975	0.396
6260.000	10.000	-73.535	0.397
6270.000	10.000	-73.975	0.397
6280.000	10.000	-73.975	0.397
6290.000	10.000	-74.121	0.395
6300.000	10.000	-73.975	0.396
6310.000	10.000	-74.194	0.397
6320.000	10.000	-74.487	0.394
6330.000	10.000	-74.634	0.395
6340.000	10.000	-74.634	0.395
6350.000	10.000	-74.268	0.394
6360.000	10.000	-75.000	0.399
6370.000	10.000	-75.000	0.399
6380.000	10.000	-75.000	0.399
6390.000	10.000	-75.586	0.396
6400.000	10.000	-75.586	0.396
6410.000	10.000	-75.659	0.396
6420.000	10.000	-75.806	0.395
6430.000	10.000	-75.806	0.395
6440.000	10.000	-76.172	0.397
6450.000	10.000	-76.392	0.393
6460.000	10.000	-76.465	0.396
6470.000	10.000	-76.245	0.399
6480.000	10.000	-76.904	0.394
6490.000	10.000	-77.124	0.396
6500.000	10.000	-76.904	0.399
6510.000	10.000	-77.417	0.394
6520.000	10.000	-77.271	0.399
6530.000	10.000	-77.344	0.397
6540.000	10.000	-77.710	0.401
6550.000	10.000	-77.783	0.393
6560.000	10.000	-78.003	0.397
6570.000	10.000	-78.369	0.394
6580.000	10.000	-78.149	0.396
6590.000	10.000	-78.149	0.396
6600.000	10.000	-78.662	0.397
6610.000	10.000	-78.589	0.394
6620.000	10.000	-78.955	0.394
6630.000	10.000	-79.248	0.396
6640.000	10.000	-79.321	0.395
6650.000	10.000	-79.102	0.395
6660.000	10.000	-79.248	0.396
6670.000	10.000	-79.834	0.393
6680.000	10.000	-79.687	0.396
6690.000	10.000	-80.273	0.397
6700.000	10.000	-80.127	0.395
6710.000	10.000	-80.420	0.397
6720.000	10.000	-80.420	0.399
6730.000	10.000	-81.006	0.396
6740.000	10.000	-80.640	0.393
6750.000	10.000	-81.079	0.395
6760.000	10.000	-81.372	0.396
6770.000	10.000	-80.640	0.396
6780.000	10.000	-81.372	0.396
6790.000	10.000	-81.812	0.397
6800.000	10.000	-81.592	0.391
6810.000	10.000	-81.372	0.394
6820.000	10.000	-81.958	0.397
6830.000	10.000	-81.445	0.396
6840.000	10.000	-81.738	0.396
6850.000	10.000	-82.178	0.396
6860.000	10.000	-82.178	0.395
6870.000	10.000	-82.471	0.396
6880.000	10.000	-82.178	0.397
6890.000	10.000	-81.738	0.401
6900.000	10.000	-82.397	0.394
6910.000	10.000	-83.203	0.399
6920.000	10.000	-82.544	0.396
6930.000	10.000	-82.910	0.395
6940.000	10.000	-83.203	0.400
6950.000	10.000	-82.983	0.396
6960.000	10.000	-83.057	0.396
6970.000	10.000	-83.130	0.396
6980.000	10.000	-83.276	0.396
6990.000	10.000	-83.423	0.396
7000.000	10.000	-83.936	0.395
7010.000	10.000	-83.276	0.397
7020.000	10.000	-83.862	0.399
7030.000	10.000	-83.936	0.396
7040.000	10.000	-83.789	0.394
7050.000	10.000	-84.082	0.395
7060.000	10.000	-84.082	0.395
7070.000	10.000	-84.375	0.394
7080.000	10.000	-84.668	0.396
7090.000	10.000	-84.668	0.396
7100.000	10.000	-84.521	0.394
7110.000	10.000	-84.741	0.396
7120.000	10.000	-84.741	0.396
7130.000	10.000	-85.107	0.396
7140.000	10.000	-85.181	0.396
7150.000	10.000	-85.181	0.396
7160.000	10.000	-85.840	0.399
7170.000	10.000	-85.474	0.400
7180.000	10.000	-85.474	0.400
7190.000	10.000	-86.206	0.397
7200.000	10.000	-86.133	0.400
7210.000	10.000	-86.133	0.400
7220.000	10.000	-86.719	0.395
7230.000	10.000	-86.938	0.396
7240.000	10.000	-86.938	0.396
7250.000	10.000	-86.865	0.395
7260.000	10.000	-87.085	0.396
7270.000	10.000	-87.085	0.396
7280.000	10.000	-87.598	0.396
7290.000	10.000	-87.671	0.399
7300.000	10.000	-87.671	0.399
7310.000	10.000	-88.110	0.401
7320.000	10.000	-88.037	0.399
7330.000	10.000	-88.037	0.399
7340.000	10.000	-88.184	0.397
7350.000	10.000	-88.623	0.396
7360.000	10.000	-88.623	0.396
7370.000	10.000	-88.696	0.399
7380.000	10.000	-88.989	0.397
7390.000	10.000	-88.989	0.397
7400.000	10.000	-89.136	0.396
7410.000	10.000	-89.355	0.394
7420.000	10.000	-89.355	0.394
7430.000	10.000	-89.795	0.399
7440.000	10.000	-90.015	0.397
7450.000	10.000	-90.015	0.397
7460.000	10.000	-90.161	0.396
7470.000	10.000	-90.161	0.399
7480.000	10.000	-90.454	0.399
7490.000	10.000	-90.601	0.396
7500.000	10.000	-90.747	0.397
7510.000	10.000	-90.894	0.397
7520.000	10.000	-90.747	0.397
7530.000	10.000	-90.527	0.397
7540.000	10.000	-91.113	0.399
7550.000	10.000	-91.187	0.394
7560.000	10.000	-91.187	0.396
7570.000	10.000	-91.406	0.396
7580.000	10.000	-91.479	0.397
7590.000	10.000	-91.626	0.396
7600.000	10.000	-91.846	0.394
7610.000	10.000	-91.699	0.399
7620.000	10.000	-91.846	0.396
7630.000	10.000	-92.285	0.397
7640.000	10.000	-91.772	0.399
7650.000	10.000	-91.919	0.396
7660.000	10.000	-92.578	0.399
7670.000	10.000	-92.212	0.395
7680.000	10.000	-92.358	0.396
7690.000	10.000	-92.285	0.396
7700.000	10.000	-92.139	0.396
7710.000	10.000	-92.285	0.395
7720.000	10.000	-92.505	0.394
7730.000	10.000	-92.432	0.399
7740.000	10.000	-92.651	0.397
7750.000	10.000	-93.823	0.395
7760.000	10.000	-92.798	0.394
7770.000	10.000	-93.311	0.399
7780.000	10.000	-93.384	0.394
7790.000	10.000	-93.457	0.395
7800.000	10.000	-93.604	0.399
7810.000	10.000	-94.189	0.399
7820.000	10.000	-94.116	0.399
7830.000	10.000	-94.336	0.399
7840.000	10.000	-94.629	0.395
7850.000	10.000	-93.896	0.395
7860.000	10.000	-94.556	0.400
7870.000	10.000	-95.142	0.395
7880.000	10.000	-95.215	0.395
7890.000	10.000	-95.361	0.395
7900.000	10.000	-95.581	0.397
7910.000	10.000	-95.215	0.394
7920.000	10.000	-95.435	0.396
7930.000	10.000	-95.874	0.399
7940.000	10.000	-95.801	0.397
7950.000	10.000	-95.874	0.395
7960.000	10.000	-96.533	0.399
7970.000	10.000	-96.021	0.400
7980.000	10.000	-96.240	0.394
7990.000	10.000	-96.680	0.397
8000.000	10.000	-96.460	0.396
8010.000	10.000	-96.826	0.394
8020.000	10.000	-97.559	0.399
8030.000	10.000	-97.266	0.399
8040.000	10.000	-97.485	0.394
8050.000	10.000	-97.559	0.399
8060.000	10.000	-97.192	0.396
8070.000	10.000	-97.705	0.397
8080.000	10.000	-98.364	0.399
8090.000	10.000	-98.071	0.396
8100.000	10.000	-98.511	0.394
8110.000	10.000	-98.584	0.395
8120.000	10.000	-98.364	0.397
8130.000	10.000	-98.511	0.399
8140.000	10.000	-98.877	0.395
8150.000	10.000	-98.950	0.394
8160.000	10.000	-99.170	0.395
8170.000	10.000	-99.170	0.399
8180.000	10.000	-98.657	0.396
8190.000	10.000	-99.170	0.395
8200.000	10.000	-99.170	0.395
8210.000	10.000	-99.390	0.395
8220.000	10.000	-99.243	0.399
8230.000	10.000	-99.243	0.399
8240.000	10.000	-99.243	0.393
8250.000	10.000	-99.609	0.394
8260.000	10.000	-100.049	0.399
8270.000	10.000	-99.902	0.397
8280.000	10.000	-100.195	0.396
8290.000	10.000	-100.562	0.395
8300.000	10.000	-100.195	0.395
8310.000	10.000	-100.269	0.396
8320.000	10.000	-100.708	0.397
8330.000	10.000	-100.635	0.401
8340.000	10.000	-100.854	0.394
8350.000	10.000	-101.074	0.400
8360.000	10.000	-100.342	0.395
8370.000	10.000	-100.781	0.397
8380.000	10.000	-101.221	0.396
8390.000	10.000	-100.928	0.400
8400.000	10.000	-101.514	0.396
8410.000	10.000	-101.660	0.399
8420.000	10.000	-101.221	0.397
8430.000	10.000	-101.807	0.397
8440.000	10.000	-101.880	0.396
8450.000	10.000	-101.587	0.397
8460.000	10.000	-102.466	0.395
8470.000	10.000	-102.466	0.396
8480.000	10.000	-102.173	0.396
8490.000	10.000	-102.466	0.396
8500.000	10.000	-102.612	0.396
8510.000	10.000	-102.612	0.396
8520.000	10.000	-102.979	0.397
8530.000	10.000	-103.564	0.397
8540.000	10.000	-103.052	0.399
8550.000	10.000	-103.491	0.399
8560.000	10.000	-103.711	0.401
8570.000	10.000	-103.564	0.396
8580.000	10.000	-103.857	0.397
8590.000	10.000	-104.370	0.396
8600.000	10.000	-104.224	0.401
8610.000	10.000	-104.150	0.400
8620.000	10.000	-104.883	0.399
8630.000	10.000	-104.224	0.400
8640.000	10.000	-105.029	0.396
8650.000	10.000	-105.176	0.397
8660.000	10.000	-104.956	0.396
8670.000	10.000	-105.396	0.396
8680.000	10.000	-105.835	0.397
8690.000	10.000	-105.322	0.396
8700.000	10.000	-105.542	0.394
8710.000	10.000	-106.421	0.395
8720.000	10.000	-105.688	0.396
8730.000	10.000	-105.981	0.399
8740.000	10.000	-106.201	0.397
8750.000	10.000	-106.274	0.400
8760.000	10.000	-106.128	0.396
8770.000	10.000	-106.494	0.396
8780.000	10.000	-105.908	0.396
8790.000	10.000	-106.641	0.394
8800.000	10.000	-106.714	0.396
8810.000	10.000	-106.201	0.394
8820.000	10.000	-106.714	0.397
8830.000	10.000	-107.007	0.399
8840.000	10.000	-106.567	0.394
8850.000	10.000	-106.494	0.396
8860.000	10.000	-107.373	0.394
8870.000	10.000	-106.714	0.399
8880.000	10.000	-107.227	0.397
8890.000	10.000	-107.593	0.397
8900.000	10.000	-107.153	0.395
8910.000	10.000	-107.373	0.396
8920.000	10.000	-107.739	0.397
8930.000	10.000	-107.300	0.394
8940.000	10.000	-107.739	0.393
8950.000	10.000	-108.252	0.399
8960.000	10.000	-107.666	0.396
8970.000	10.000	-108.032	0.396
8980.000	10.000	-108.179	0.400
8990.000	10.000	-107.812	0.395
9000.000	10.000	-108.398	0.394
9010.000	10.000	-108.398	0.394
9020.000	10.000	-108.618	0.394
9030.000	10.000	-108.911	0.397
9040.000	10.000	-108.911	0.397
9050.000	10.000	-109.058	0.397
9060.000	10.000	-108.984	0.395
9070.000	10.000	-109.937	0.397
9080.000	10.000	-109.937	0.394
9090.000	10.000	-110.010	0.397
9100.000	10.000	-110.303	0.393
9110.000	10.000	-110.376	0.396
9120.000	10.000	-110.229	0.396
9130.000	10.000	-111.108	0.399
9140.000	10.000	-110.596	0.395
9150.000	10.000	-110.449	0.396
9160.000	10.000	-111.621	0.400
9170.000	10.000	-110.962	0.394
9180.000	10.000	-111.108	0.399
9190.000	10.000	-111.255	0.400
9200.000	10.000	-111.328	0.399
9210.000	10.000	-111.694	0.393
9220.000	10.000	-112.134	0.397
9230.000	10.000	-111.768	0.397
9240.000	10.000	-112.280	0.399
9250.000	10.000	-112.427	0.400
9260.000	10.000	-112.061	0.399
9270.000	10.000	-112.061	0.395
9280.000	10.000	-113.013	0.394
9290.000	10.000	-112.427	0.394
9300.000	10.000	-112.720	0.401
9310.000	10.000	-112.793	0.396
9320.000	10.000	-112.134	0.397
9330.000	10.000	-112.646	0.396
9340.000	10.000	-113.159	0.396
9350.000	10.000	-112.866	0.401
9360.000	10.000	-112.939	0.395
9370.000	10.000	-113.379	0.393
9380.000	10.000	-112.573	0.395
9390.000	10.000	-112.939	0.394
9400.000	10.000	-113.525	0.394
9410.000	10.000	-113.086	0.397
9420.000	10.000	-113.672	0.399
9430.000	10.000	-113.745	0.396
9440.000	10.000	-113.232	0.396
9450.000	10.000	-113.745	0.397
9460.000	10.000	-114.111	0.397
9470.000	10.000	-114.404	0.397
9480.000	10.000	-113.818	0.395
9490.000	10.000	-114.771	0.400
9500.000	10.000	-114.038	0.396
9510.000	10.000	-114.478	0.395
9520.000	10.000	-114.771	0.396
9530.000	10.000	-114.478	0.397
9540.000	10.000	-114.844	0.397
9550.000	10.000	-115.283	0.397
9560.000	10.000	-114.917	0.396
9570.000	10.000	-114.551	0.397
9580.000	10.000	-115.942	0.394
9590.000	10.000	-114.917	0.396
9600.000	10.000	-115.283	0.394
9610.000	10.000	-115.869	0.396
9620.000	10.000	-115.503	0.396
9630.000	10.000	-115.796	0.395
9640.000	10.000	-116.528	0.393
9650.000	10.000	-115.796	0.395
9660.000	10.000	-116.016	0.395
9670.000	10.000	-116.675	0.396
9680.000	10.000	-116.016	0.396
9690.000	10.000	-116.895	0.395
9700.000	10.000	-117.627	0.400
9710.000	10.000	-117.041	0.396
9720.000	10.000	-117.407	0.395
9730.000	10.000	-117.920	0.397
9740.000	10.000	-117.261	0.396
9750.000	10.000	-117.627	0.394
9760.000	10.000	-118.506	0.399
9770.000	10.000	-117.993	0.397
9780.000	10.000	-118.506	0.393
9790.000	10.000	-118.579	0.396
9800.000	10.000	-118.213	0.395
9810.000	10.000	-118.286	0.396
9820.000	10.000	-118.726	0.394
9830.000	10.000	-118.066	0.394
9840.000	10.000	-118.433	0.400
9850.000	10.000	-119.092	0.397
9860.000	10.000	-118.140	0.399
9870.000	10.000	-118.652	0.395
9880.000	10.000	-118.799	0.397
9890.000	10.000	-118.726	0.399
9900.000	10.000	-118.506	0.399
9910.000	10.000	-119.531	0.396
9920.000	10.000	-118.726	0.396
9930.000	10.000	-119.312	0.396
9940.000	10.000	-119.458	0.400
9950.000	10.000	-119.019	0.395
9960.000	10.000	-119.312	0.397
9970.000	10.000	-119.604	0.397
9980.000	10.000	-119.751	0.396
9990.000	10.000	-119.604	0.393
10000.000	10.000	-120.483	0.396
10010.000	10.000	-119.458	0.394
10020.000	10.000	-120.117	0.393
10030.000	10.000	-120.264	0.401
10040.000	10.000	-119.751	0.396
10050.000	10.000	-119.971	0.394
10060.000	10.000	-120.996	0.396
10070.000	10.000	-120.557	0.400
10080.000	10.000	-120.337	0.394
10090.000	10.000	-120.850	0.397
10100.000	10.000	-120.044	0.395
10110.000	10.000	-121.216	0.395
10120.000	10.000	-121.143	0.396
10130.000	10.000	-121.802	0.395
10140.000	10.000	-121.802	0.395
10150.000	10.000	-122.681	0.396
10160.000	10.000	-122.021	0.393
10170.000	10.000	-122.021	0.393
10180.000	10.000	-122.534	0.399
10190.000	10.000	-122.461	0.399
10200.000	10.000	-123.267	0.395
10210.000	10.000	-123.413	0.396
10220.000	10.000	-122.974	0.394
10230.000	10.000	-123.267	0.395
10240.000	10.000	-123.853	0.397
10250.000	10.000	-123.047	0.399
10260.000	10.000	-123.413	0.393
10270.000	10.000	-124.146	0.399
10280.000	10.000	-123.633	0.396
10290.000	10.000	-123.853	0.395
10300.000	10.000	-124.072	0.399
10310.000	10.000	-123.999	0.396
10320.000	10.000	-123.926	0.395
10330.000	10.000	-124.219	0.397
10340.000	10.000	-123.999	0.397
10350.000	10.000	-124.072	0.395
10360.000	10.000	-124.585	0.394
10370.000	10.000	-124.072	0.396
10380.000	10.000	-124.146	0.394
10390.000	10.000	-124.585	0.397
10400.000	10.000	-124.292	0.401
10410.000	10.000	-124.292	0.394
10420.000	10.000	-124.585	0.396
10430.000	10.000	-124.438	0.394
10440.000	10.000	-124.219	0.396
10450.000	10.000	-124.951	0.399
10460.000	10.000	-124.878	0.396
10470.000	10.000	-124.731	0.397
10480.000	10.000	-125.024	0.397
10490.000	10.000	-125.098	0.395
10500.000	10.000	-124.878	0.397
10510.000	10.000	-125.610	0.397
10520.000	10.000	-125.830	0.399
10530.000	10.000	-125.610	0.391
10540.000	10.000	-126.050	0.399
10550.000	10.000	-125.684	0.397
10560.000	10.000	-125.610	0.399
10570.000	10.000	-126.562	0.396
10580.000	10.000	-126.343	0.397
10590.000	10.000	-126.489	0.396
10600.000	10.000	-127.148	0.397
10610.000	10.000	-126.562	0.396
10620.000	10.000	-126.782	0.397
10630.000	10.000	-127.515	0.397
10640.000	10.000	-127.222	0.395
10650.000	10.000	-127.295	0.395
10660.000	10.000	-128.174	0.395
10670.000	10.000	-127.222	0.395
10680.000	10.000	-127.954	0.393
10690.000	10.000	-128.101	0.396
10700.000	10.000	-128.027	0.393
10710.000	10.000	-128.247	0.397
10720.000	10.000	-128.687	0.396
10730.000	10.000	-128.174	0.396
10740.000	10.000	-128.760	0.393
10750.000	10.000	-129.272	0.396
10760.000	10.000	-128.467	0.396
10770.000	10.000	-128.979	0.396
10780.000	10.000	-129.419	0.396
10790.000	10.000	-128.979	0.396
10800.000	10.000	-128.906	0.396
10810.000	10.000	-129.492	0.396
10820.000	10.000	-129.126	0.393
10830.000	10.000	-129.272	0.396
10840.000	10.000	-129.492	0.395
10850.000	10.000	-128.906	0.397
10860.000	10.000	-129.346	0.396
10870.000	10.000	-130.005	0.396
10880.000	10.000	-129.053	0.394
10890.000	10.000	-129.492	0.396
10900.000	10.000	-129.932	0.395
10910.000	10.000	-129.639	0.397
10920.000	10.000	-129.419	0.394
10930.000	10.000	-130.298	0.399
10940.000	10.000	-129.492	0.393
10950.000	10.000	-130.225	0.397
10960.000	10.000	-130.591	0.394
10970.000	10.000	-129.785	0.399
10980.000	10.000	-130.371	0.390
10990.000	10.000	-130.664	0.401
11000.000	10.000	-130.518	0.399
11010.000	10.000	-131.030	0.395
11020.000	10.000	-131.030	0.395
11030.000	10.000	-130.444	0.397
11040.000	10.000	-131.030	0.341
11050.000	10.000	-131.030	0.341
11060.000	10.000	-130.737	0.251
11070.000	10.000	-131.470	0.139
11080.000	10.000	-131.470	0.139
11090.000	10.000	-131.177	0.100
11100.000	10.000	-131.689	0.073
11110.000	10.000	-132.056	0.053
11120.000	10.000	-131.396	0.042
11130.000	10.000	-131.763	0.029
11140.000	10.000	-132.568	0.025
11150.000	10.000	-131.909	0.018
11160.000	10.000	-132.129	0.009
11170.000	10.000	-132.129	0.013
11180.000	10.000	-131.689	0.009
11190.000	10.000	-131.836	0.006
11200.000	10.000	-131.763	0.006
11210.000	10.000	-131.616	0.007
11220.000	10.000	-131.909	0.003
11230.000	10.000	-131.616	0.004
11240.000	10.000	-130.737	0.003
11250.000	10.000	-131.104	0.006
11260.000	10.000	-131.323	0.003
11270.000	10.000	-130.811	0.006
11280.000	10.000	-131.104	0.006
11290.000	10.000	-130.737	0.001
11300.000	10.000	-130.298	0.001
11310.000	10.000	-129.932	0.002
11320.000	10.000	-130.444	0.004
11330.000	10.000	-130.005	0.004
11340.000	10.000	-130.151	0.001
11350.000	10.000	-130.298	0.001
11360.000	10.000	-129.199	0.001
11370.000	10.000	-129.346	0.002
11380.000	10.000	-129.712	0.003
11390.000	10.000	-129.639	0.004
11400.000	10.000	-129.346	0.006
11410.000	10.000	-129.712	0.006
11420.000	10.000	-128.833	0.001
11430.000	10.000	-129.419	-0.003
11440.000	10.000	-129.419	0.004
11450.000	10.000	-128.833	0.004
11460.000	10.000	-129.199	-0.000
11470.000	10.000	-129.932	0.002
11480.000	10.000	-128.760	0.002
11490.000	10.000	-128.906	0.004
11500.000	10.000	-128.760	0.004
11510.000	10.000	-128.760	0.001
11520.000	10.000	-128.979	0.002
11530.000	10.000	-128.394	0.001
11540.000	10.000	-128.540	0.002
11550.000	10.000	-128.540	0.002
11560.000	10.000	-128.979	0.003
11570.000	10.000	-128.394	0.001
11580.000	10.000	-128.906	0.001
11590.000	10.000	-128.540	0.001
11600.000	10.000	-128.467	-0.000
11610.000	10.000	-128.467	-0.000
11620.000	10.000	-129.199	0.004
11630.000	10.000	-128.467	0.003
11640.000	10.000	-128.467	0.003
11650.000	10.000	-128.906	0.001
11660.000	10.000	-128.247	0.004
11670.000	10.000	-128.613	0.002
11680.000	10.000	-128.760	0.003
11690.000	10.000	-127.808	0.004
11700.000	10.000	-128.394	-0.000
11710.000	10.000	-128.540	0.001
11720.000	10.000	-127.295	0.001
11730.000	10.000	-127.808	0.006
11740.000	10.000	-128.174	0.001
11750.000	10.000	-127.222	0.002
11760.000	10.000	-127.148	0.002
11770.000	10.000	-127.661	0.001
11780.000	10.000	-126.782	0.003
11790.000	10.000	-126.709	0.006
11800.000	10.000	-127.075	0.003
11810.000	10.000	-126.416	0.006
11820.000	10.000	-126.636	0.001
11830.000	10.000	-126.782	0.002
11840.000	10.000	-125.830	0.003
11850.000	10.000	-126.196	0.006
11860.000	10.000	-126.343	0.004
11870.000	10.000	-125.757	0.006
11880.000	10.000	-126.050	0.004
11890.000	10.000	-126.416	-0.002
11900.000	10.000	-125.684	0.002
11910.000	10.000	-125.830	0.004
11920.000	10.000	-126.050	0.001
11930.000	10.000	-125.610	0.004
11940.000	10.000	-125.830	0.002
11950.000	10.000	-125.830	0.001
11960.000	10.000	-125.903	0.002
11970.000	10.000	-125.391	0.004
11980.000	10.000	-125.464	0.003
11990.000	10.000	-125.317	0.002
12000.000	10.000	-125.171	0.002
12010.000	10.000	-125.830	0.003
12020.000	10.000	-125.610	0.002
